Timestamp,Experiment,Region,Target,Feature_Mask,Status,RMSE,MAE,R2,WMAPE,sMAPE,MDA,Train_Time_Sec,Model
2026-04-01 18:19:17,Exp1_Weather_Only_0h_Price,DK1,TARGET_Price_0h,"['Weather', 'Time']",SUCCESS,83.6204,42.0682,-0.0,55.3348,59.8784,67.9241,25.89,XGBoost
2026-04-01 18:19:17,Exp1_Weather_Only_0h_Price,DK1,TARGET_Price_0h,"['Weather', 'Time']",SUCCESS,84.2618,42.5905,-0.0154,56.0219,60.28,68.2019,24.74,LightGBM
2026-04-01 18:19:17,Exp1_Weather_Only_0h_Price,DK1,TARGET_Price_0h,"['Weather', 'Time']",SUCCESS,82.3639,40.6467,0.0298,53.465,56.5069,61.9833,60.68,CatBoost
2026-04-01 18:19:17,Exp1_Weather_Only_0h_Price,DK1,TARGET_Price_0h,"['Weather', 'Time']",SUCCESS,83.9687,42.6863,-0.0084,56.1478,60.2582,60.2563,241.33,RandomForest
2026-04-01 18:28:59,Exp2_Weather_WeatherLags_Only_0h_Price,DK1,TARGET_Price_0h,"['Weather', 'WeatherLags', 'Time']",SUCCESS,82.8979,41.7043,0.0172,54.8562,59.214,67.0895,33.85,XGBoost
2026-04-01 18:28:59,Exp2_Weather_WeatherLags_Only_0h_Price,DK1,TARGET_Price_0h,"['Weather', 'WeatherLags', 'Time']",SUCCESS,83.5246,42.2075,0.0023,55.518,59.5149,67.5074,25.38,LightGBM
2026-04-01 18:28:59,Exp2_Weather_WeatherLags_Only_0h_Price,DK1,TARGET_Price_0h,"['Weather', 'WeatherLags', 'Time']",SUCCESS,81.7068,40.3387,0.0452,53.0598,56.0397,61.6688,64.59,CatBoost
2026-04-01 18:28:59,Exp2_Weather_WeatherLags_Only_0h_Price,DK1,TARGET_Price_0h,"['Weather', 'WeatherLags', 'Time']",SUCCESS,83.7289,42.7003,-0.0026,56.1662,60.0083,59.82,449.46,RandomForest
2026-04-01 18:35:30,Exp3_Weather_Prices_0h_Price,DK1,TARGET_Price_0h,"['Weather', 'Prices', 'Time']",SUCCESS,35.1208,18.8732,0.8236,24.825,32.9449,71.9166,24.88,XGBoost
2026-04-01 18:35:30,Exp3_Weather_Prices_0h_Price,DK1,TARGET_Price_0h,"['Weather', 'Prices', 'Time']",SUCCESS,35.2241,18.9828,0.8226,24.9692,33.0231,72.0843,20.56,LightGBM
2026-04-01 18:35:30,Exp3_Weather_Prices_0h_Price,DK1,TARGET_Price_0h,"['Weather', 'Prices', 'Time']",SUCCESS,34.3977,18.6302,0.8308,24.5053,32.9109,73.3802,56.53,CatBoost
2026-04-01 18:35:30,Exp3_Weather_Prices_0h_Price,DK1,TARGET_Price_0h,"['Weather', 'Prices', 'Time']",SUCCESS,35.004,19.223,0.8248,25.2852,33.7108,69.9315,281.73,RandomForest
2026-04-01 18:45:58,Exp4_Weather_WeatherLags_Prices_0h_Price,DK1,TARGET_Price_0h,"['Weather', 'WeatherLags', 'Prices', 'Time']",SUCCESS,34.2173,18.156,0.8326,23.8817,31.9134,71.6532,36.95,XGBoost
2026-04-01 18:45:58,Exp4_Weather_WeatherLags_Prices_0h_Price,DK1,TARGET_Price_0h,"['Weather', 'WeatherLags', 'Prices', 'Time']",SUCCESS,33.9242,18.215,0.8354,23.9592,32.1462,72.4079,27.05,LightGBM
2026-04-01 18:45:58,Exp4_Weather_WeatherLags_Prices_0h_Price,DK1,TARGET_Price_0h,"['Weather', 'WeatherLags', 'Prices', 'Time']",SUCCESS,33.8331,18.2062,0.8363,23.9476,32.1387,73.2137,67.12,CatBoost
2026-04-01 18:45:58,Exp4_Weather_WeatherLags_Prices_0h_Price,DK1,TARGET_Price_0h,"['Weather', 'WeatherLags', 'Prices', 'Time']",SUCCESS,35.1107,18.9977,0.8237,24.9888,33.2855,69.8083,487.42,RandomForest
2026-04-01 18:57:24,Exp5_Weather_Grid_0h_Price,DK1,TARGET_Price_0h,"['Weather', 'Grid', 'GridExchange', 'Time']",SUCCESS,56.4308,26.6596,0.5446,35.067,37.9812,69.6432,39.4,XGBoost
2026-04-01 18:57:24,Exp5_Weather_Grid_0h_Price,DK1,TARGET_Price_0h,"['Weather', 'Grid', 'GridExchange', 'Time']",SUCCESS,54.8732,25.6499,0.5694,33.7388,37.6438,69.7297,35.06,LightGBM
2026-04-01 18:57:24,Exp5_Weather_Grid_0h_Price,DK1,TARGET_Price_0h,"['Weather', 'Grid', 'GridExchange', 'Time']",SUCCESS,52.6885,24.6871,0.603,32.4725,37.8468,66.9008,69.42,CatBoost
2026-04-01 18:57:24,Exp5_Weather_Grid_0h_Price,DK1,TARGET_Price_0h,"['Weather', 'Grid', 'GridExchange', 'Time']",SUCCESS,60.559,28.4205,0.4755,37.3832,39.9155,65.5551,532.01,RandomForest
2026-04-01 19:12:37,Exp6_Weather_WeatherLags_Grid_0h_Price,DK1,TARGET_Price_0h,"['Weather', 'WeatherLags', 'Grid', 'GridExchange', 'Time']",SUCCESS,56.4233,26.4093,0.5447,34.7377,37.7138,69.5803,51.15,XGBoost
2026-04-01 19:12:37,Exp6_Weather_WeatherLags_Grid_0h_Price,DK1,TARGET_Price_0h,"['Weather', 'WeatherLags', 'Grid', 'GridExchange', 'Time']",SUCCESS,54.9312,25.8073,0.5685,33.9459,37.8902,69.7795,37.48,LightGBM
2026-04-01 19:12:37,Exp6_Weather_WeatherLags_Grid_0h_Price,DK1,TARGET_Price_0h,"['Weather', 'WeatherLags', 'Grid', 'GridExchange', 'Time']",SUCCESS,52.5367,24.6765,0.6053,32.4585,37.7768,66.6951,77.65,CatBoost
2026-04-01 19:12:37,Exp6_Weather_WeatherLags_Grid_0h_Price,DK1,TARGET_Price_0h,"['Weather', 'WeatherLags', 'Grid', 'GridExchange', 'Time']",SUCCESS,61.903,28.6192,0.452,37.6445,39.8223,65.1987,734.83,RandomForest
2026-04-01 19:23:50,Exp7_Weather_Grid_Prices_0h_Price,DK1,TARGET_Price_0h,"['Weather', 'Grid', 'GridExchange', 'Prices', 'Time']",SUCCESS,34.3475,16.8541,0.8313,22.1691,29.6243,71.6073,38.76,XGBoost
2026-04-01 19:23:50,Exp7_Weather_Grid_Prices_0h_Price,DK1,TARGET_Price_0h,"['Weather', 'Grid', 'GridExchange', 'Prices', 'Time']",SUCCESS,33.7897,16.771,0.8367,22.0599,29.9138,72.0764,28.56,LightGBM
2026-04-01 19:23:50,Exp7_Weather_Grid_Prices_0h_Price,DK1,TARGET_Price_0h,"['Weather', 'Grid', 'GridExchange', 'Prices', 'Time']",SUCCESS,32.3997,16.5913,0.8499,21.8235,29.9676,72.9556,59.05,CatBoost
2026-04-01 19:23:50,Exp7_Weather_Grid_Prices_0h_Price,DK1,TARGET_Price_0h,"['Weather', 'Grid', 'GridExchange', 'Prices', 'Time']",SUCCESS,35.7373,18.1314,0.8173,23.8493,31.6723,70.5801,538.91,RandomForest
2026-04-01 19:38:46,Exp8_Weather_WeatherLags_Grid_Prices_0h_Price,DK1,TARGET_Price_0h,"['Weather', 'WeatherLags', 'Grid', 'GridExchange', 'Prices', 'Time']",SUCCESS,34.1128,16.5506,0.8336,21.7699,29.3146,71.6073,50.19,XGBoost
2026-04-01 19:38:46,Exp8_Weather_WeatherLags_Grid_Prices_0h_Price,DK1,TARGET_Price_0h,"['Weather', 'WeatherLags', 'Grid', 'GridExchange', 'Prices', 'Time']",SUCCESS,33.4633,16.4511,0.8399,21.6392,29.4008,72.2179,35.51,LightGBM
2026-04-01 19:38:46,Exp8_Weather_WeatherLags_Grid_Prices_0h_Price,DK1,TARGET_Price_0h,"['Weather', 'WeatherLags', 'Grid', 'GridExchange', 'Prices', 'Time']",SUCCESS,32.3796,16.4255,0.8501,21.6054,29.7085,73.2544,68.65,CatBoost
2026-04-01 19:38:46,Exp8_Weather_WeatherLags_Grid_Prices_0h_Price,DK1,TARGET_Price_0h,"['Weather', 'WeatherLags', 'Grid', 'GridExchange', 'Prices', 'Time']",SUCCESS,35.6268,18.065,0.8185,23.762,31.5886,70.5041,732.07,RandomForest
2026-04-01 19:54:17,Exp9_Weather_Grid_Gridlags_0h_Price,DK1,TARGET_Price_0h,"['Weather', 'Grid', 'GridExchange', 'GridLags', 'GridExchangeLags', 'Time']",SUCCESS,54.4714,25.4208,0.5757,33.4375,37.0267,69.5528,51.4,XGBoost
2026-04-01 19:54:17,Exp9_Weather_Grid_Gridlags_0h_Price,DK1,TARGET_Price_0h,"['Weather', 'Grid', 'GridExchange', 'GridLags', 'GridExchangeLags', 'Time']",SUCCESS,53.716,24.8763,0.5873,32.7212,37.0314,70.0219,38.19,LightGBM
2026-04-01 19:54:17,Exp9_Weather_Grid_Gridlags_0h_Price,DK1,TARGET_Price_0h,"['Weather', 'Grid', 'GridExchange', 'GridLags', 'GridExchangeLags', 'Time']",SUCCESS,51.8443,24.3081,0.6156,31.9739,37.565,67.1641,68.56,CatBoost
2026-04-01 19:54:17,Exp9_Weather_Grid_Gridlags_0h_Price,DK1,TARGET_Price_0h,"['Weather', 'Grid', 'GridExchange', 'GridLags', 'GridExchangeLags', 'Time']",SUCCESS,56.2096,26.5468,0.5481,34.9186,39.0672,65.8355,763.94,RandomForest
2026-04-01 20:13:32,Exp10_Weather_WeatherLags_Grid_Gridlags_0h_Price,DK1,TARGET_Price_0h,"['Weather', 'WeatherLags', 'Grid', 'GridExchange', 'GridLags', 'GridExchangeLags', 'Time']",SUCCESS,54.5178,25.3449,0.5749,33.3376,36.9333,69.6982,63.85,XGBoost
2026-04-01 20:13:32,Exp10_Weather_WeatherLags_Grid_Gridlags_0h_Price,DK1,TARGET_Price_0h,"['Weather', 'WeatherLags', 'Grid', 'GridExchange', 'GridLags', 'GridExchangeLags', 'Time']",SUCCESS,53.9665,25.0519,0.5835,32.9522,37.1388,69.866,43.29,LightGBM
2026-04-01 20:13:32,Exp10_Weather_WeatherLags_Grid_Gridlags_0h_Price,DK1,TARGET_Price_0h,"['Weather', 'WeatherLags', 'Grid', 'GridExchange', 'GridLags', 'GridExchangeLags', 'Time']",SUCCESS,52.1165,24.4842,0.6116,32.2055,37.658,67.1471,77.79,CatBoost
2026-04-01 20:13:32,Exp10_Weather_WeatherLags_Grid_Gridlags_0h_Price,DK1,TARGET_Price_0h,"['Weather', 'WeatherLags', 'Grid', 'GridExchange', 'GridLags', 'GridExchangeLags', 'Time']",SUCCESS,56.4034,26.4447,0.545,34.7843,38.9257,65.7372,958.58,RandomForest
2026-04-01 20:30:04,Exp11_Weather_Grid_Gridlags_Prices_0h_Price,DK1,TARGET_Price_0h,"['Weather', 'Grid', 'GridExchange', 'GridLags', 'GridExchangeLags', 'Prices', 'Time']",SUCCESS,33.2463,16.2098,0.8419,21.3218,28.9959,71.0059,53.52,XGBoost
2026-04-01 20:30:04,Exp11_Weather_Grid_Gridlags_Prices_0h_Price,DK1,TARGET_Price_0h,"['Weather', 'Grid', 'GridExchange', 'GridLags', 'GridExchangeLags', 'Prices', 'Time']",SUCCESS,33.0375,16.1905,0.8439,21.2963,29.0576,71.7213,38.7,LightGBM
2026-04-01 20:30:04,Exp11_Weather_Grid_Gridlags_Prices_0h_Price,DK1,TARGET_Price_0h,"['Weather', 'Grid', 'GridExchange', 'GridLags', 'GridExchangeLags', 'Prices', 'Time']",SUCCESS,31.6309,16.0328,0.8569,21.0889,29.1832,72.1616,70.48,CatBoost
2026-04-01 20:30:04,Exp11_Weather_Grid_Gridlags_Prices_0h_Price,DK1,TARGET_Price_0h,"['Weather', 'Grid', 'GridExchange', 'GridLags', 'GridExchangeLags', 'Prices', 'Time']",SUCCESS,35.5903,17.9507,0.8188,23.6117,31.4075,70.0861,819.15,RandomForest
2026-04-01 20:50:04,Exp12_Weather_WeatherLags_Grid_Gridlags_Prices_0h_Price,DK1,TARGET_Price_0h,"['Weather', 'WeatherLags', 'Grid', 'GridExchange', 'GridLags', 'GridExchangeLags', 'Prices', 'Time']",SUCCESS,33.4888,16.2535,0.8396,21.3792,28.9696,71.226,66.81,XGBoost
2026-04-01 20:50:04,Exp12_Weather_WeatherLags_Grid_Gridlags_Prices_0h_Price,DK1,TARGET_Price_0h,"['Weather', 'WeatherLags', 'Grid', 'GridExchange', 'GridLags', 'GridExchangeLags', 'Prices', 'Time']",SUCCESS,33.3817,16.2621,0.8406,21.3905,29.0881,71.8877,43.63,LightGBM
2026-04-01 20:50:04,Exp12_Weather_WeatherLags_Grid_Gridlags_Prices_0h_Price,DK1,TARGET_Price_0h,"['Weather', 'WeatherLags', 'Grid', 'GridExchange', 'GridLags', 'GridExchangeLags', 'Prices', 'Time']",SUCCESS,32.0563,16.0951,0.853,21.1709,29.0908,72.5874,77.95,CatBoost
2026-04-01 20:50:04,Exp12_Weather_WeatherLags_Grid_Gridlags_Prices_0h_Price,DK1,TARGET_Price_0h,"['Weather', 'WeatherLags', 'Grid', 'GridExchange', 'GridLags', 'GridExchangeLags', 'Prices', 'Time']",SUCCESS,35.9303,18.0164,0.8154,23.698,31.3922,69.9328,1000.05,RandomForest
2026-04-01 21:10:04,Exp13_Total_Information_0h_Price,DK1,TARGET_Price_0h,['All_Features'],SUCCESS,33.4725,16.2467,0.8398,21.3702,28.9749,71.2575,65.83,XGBoost
2026-04-01 21:10:04,Exp13_Total_Information_0h_Price,DK1,TARGET_Price_0h,['All_Features'],SUCCESS,33.5468,16.3063,0.8391,21.4487,29.1128,71.8825,43.25,LightGBM
2026-04-01 21:10:04,Exp13_Total_Information_0h_Price,DK1,TARGET_Price_0h,['All_Features'],SUCCESS,32.2516,16.1878,0.8512,21.2927,29.1965,72.5861,78.19,CatBoost
2026-04-01 21:10:04,Exp13_Total_Information_0h_Price,DK1,TARGET_Price_0h,['All_Features'],SUCCESS,36.0272,18.0882,0.8144,23.7924,31.5442,69.8096,1001.13,RandomForest
2026-04-01 21:15:08,Exp1_Weather_Only_24h_Price,DK1,TARGET_Price_24h,"['Weather', 'Time']",SUCCESS,85.4542,44.6955,-0.0443,58.7861,63.5416,66.6872,20.02,XGBoost
2026-04-01 21:15:08,Exp1_Weather_Only_24h_Price,DK1,TARGET_Price_24h,"['Weather', 'Time']",SUCCESS,85.8847,44.8596,-0.0548,59.0019,63.434,67.1026,17.51,LightGBM
2026-04-01 21:15:08,Exp1_Weather_Only_24h_Price,DK1,TARGET_Price_24h,"['Weather', 'Time']",SUCCESS,84.0724,42.9837,-0.0108,56.5346,59.3789,56.0385,45.53,CatBoost
2026-04-01 21:15:08,Exp1_Weather_Only_24h_Price,DK1,TARGET_Price_24h,"['Weather', 'Time']",SUCCESS,86.3773,45.5116,-0.067,59.8594,63.9758,58.6394,216.55,RandomForest
2026-04-01 21:23:50,Exp2_Weather_WeatherLags_Only_24h_Price,DK1,TARGET_Price_24h,"['Weather', 'WeatherLags', 'Time']",SUCCESS,84.4817,44.2385,-0.0207,58.185,62.5922,66.0858,30.73,XGBoost
2026-04-01 21:23:50,Exp2_Weather_WeatherLags_Only_24h_Price,DK1,TARGET_Price_24h,"['Weather', 'WeatherLags', 'Time']",SUCCESS,85.1544,44.5751,-0.037,58.6278,62.798,66.509,21.94,LightGBM
2026-04-01 21:23:50,Exp2_Weather_WeatherLags_Only_24h_Price,DK1,TARGET_Price_24h,"['Weather', 'WeatherLags', 'Time']",SUCCESS,83.3897,42.7496,0.0055,56.2267,59.0751,54.6836,54.28,CatBoost
2026-04-01 21:23:50,Exp2_Weather_WeatherLags_Only_24h_Price,DK1,TARGET_Price_24h,"['Weather', 'WeatherLags', 'Time']",SUCCESS,86.0928,45.3889,-0.06,59.6981,63.5284,58.4664,408.88,RandomForest
2026-04-01 21:30:31,Exp3_Weather_Prices_24h_Price,DK1,TARGET_Price_24h,"['Weather', 'Prices', 'Time']",SUCCESS,42.6454,23.4957,0.7399,30.9029,37.7943,69.7271,24.39,XGBoost
2026-04-01 21:30:31,Exp3_Weather_Prices_24h_Price,DK1,TARGET_Price_24h,"['Weather', 'Prices', 'Time']",SUCCESS,41.7879,23.2414,0.7503,30.5685,37.563,70.1464,18.87,LightGBM
2026-04-01 21:30:31,Exp3_Weather_Prices_24h_Price,DK1,TARGET_Price_24h,"['Weather', 'Prices', 'Time']",SUCCESS,41.2972,22.8666,0.7561,30.0755,37.0264,70.6168,48.01,CatBoost
2026-04-01 21:30:31,Exp3_Weather_Prices_24h_Price,DK1,TARGET_Price_24h,"['Weather', 'Prices', 'Time']",SUCCESS,43.9046,24.2431,0.7243,31.8858,38.2639,68.0512,304.52,RandomForest
2026-04-01 21:40:54,Exp4_Weather_WeatherLags_Prices_24h_Price,DK1,TARGET_Price_24h,"['Weather', 'WeatherLags', 'Prices', 'Time']",SUCCESS,43.2255,23.5338,0.7328,30.953,37.6547,69.7507,35.16,XGBoost
2026-04-01 21:40:54,Exp4_Weather_WeatherLags_Prices_24h_Price,DK1,TARGET_Price_24h,"['Weather', 'WeatherLags', 'Prices', 'Time']",SUCCESS,42.0873,23.2066,0.7467,30.5226,37.438,70.2394,24.49,LightGBM
2026-04-01 21:40:54,Exp4_Weather_WeatherLags_Prices_24h_Price,DK1,TARGET_Price_24h,"['Weather', 'WeatherLags', 'Prices', 'Time']",SUCCESS,41.482,22.9775,0.7539,30.2213,37.125,70.3901,55.95,CatBoost
2026-04-01 21:40:54,Exp4_Weather_WeatherLags_Prices_24h_Price,DK1,TARGET_Price_24h,"['Weather', 'WeatherLags', 'Prices', 'Time']",SUCCESS,44.5174,24.4463,0.7166,32.1531,38.3758,67.6935,500.92,RandomForest
2026-04-01 21:51:10,Exp5_Weather_Grid_24h_Price,DK1,TARGET_Price_24h,"['Weather', 'Grid', 'GridExchange', 'Time']",SUCCESS,62.232,33.1629,0.4462,43.6177,46.6574,66.9624,35.1,XGBoost
2026-04-01 21:51:10,Exp5_Weather_Grid_24h_Price,DK1,TARGET_Price_24h,"['Weather', 'Grid', 'GridExchange', 'Time']",SUCCESS,60.9056,32.3062,0.4695,42.491,46.2173,67.6293,26.86,LightGBM
2026-04-01 21:51:10,Exp5_Weather_Grid_24h_Price,DK1,TARGET_Price_24h,"['Weather', 'Grid', 'GridExchange', 'Time']",SUCCESS,60.3022,31.1452,0.48,40.964,45.5061,62.2715,56.91,CatBoost
2026-04-01 21:51:10,Exp5_Weather_Grid_24h_Price,DK1,TARGET_Price_24h,"['Weather', 'Grid', 'GridExchange', 'Time']",SUCCESS,65.8635,35.1532,0.3796,46.2355,48.9674,61.8981,489.65,RandomForest
2026-04-01 22:04:59,Exp6_Weather_WeatherLags_Grid_24h_Price,DK1,TARGET_Price_24h,"['Weather', 'WeatherLags', 'Grid', 'GridExchange', 'Time']",SUCCESS,62.8276,33.2042,0.4355,43.6721,46.6259,67.1864,46.56,XGBoost
2026-04-01 22:04:59,Exp6_Weather_WeatherLags_Grid_24h_Price,DK1,TARGET_Price_24h,"['Weather', 'WeatherLags', 'Grid', 'GridExchange', 'Time']",SUCCESS,61.7731,32.5588,0.4543,42.8232,46.3901,67.4065,32.42,LightGBM
2026-04-01 22:04:59,Exp6_Weather_WeatherLags_Grid_24h_Price,DK1,TARGET_Price_24h,"['Weather', 'WeatherLags', 'Grid', 'GridExchange', 'Time']",SUCCESS,60.0147,31.0026,0.4849,40.7764,45.2799,62.0999,65.59,CatBoost
2026-04-01 22:04:59,Exp6_Weather_WeatherLags_Grid_24h_Price,DK1,TARGET_Price_24h,"['Weather', 'WeatherLags', 'Grid', 'GridExchange', 'Time']",SUCCESS,66.4336,35.335,0.3688,46.4746,48.9934,61.8404,676.01,RandomForest
2026-04-01 22:16:59,Exp7_Weather_Grid_Prices_24h_Price,DK1,TARGET_Price_24h,"['Weather', 'Grid', 'GridExchange', 'Prices', 'Time']",SUCCESS,44.1106,24.1493,0.7217,31.7625,38.3813,68.9029,39.41,XGBoost
2026-04-01 22:16:59,Exp7_Weather_Grid_Prices_24h_Price,DK1,TARGET_Price_24h,"['Weather', 'Grid', 'GridExchange', 'Prices', 'Time']",SUCCESS,43.1301,23.8072,0.734,31.3126,38.0475,69.7375,28.26,LightGBM
2026-04-01 22:16:59,Exp7_Weather_Grid_Prices_24h_Price,DK1,TARGET_Price_24h,"['Weather', 'Grid', 'GridExchange', 'Prices', 'Time']",SUCCESS,41.3037,23.0415,0.756,30.3055,37.2163,69.769,59.32,CatBoost
2026-04-01 22:16:59,Exp7_Weather_Grid_Prices_24h_Price,DK1,TARGET_Price_24h,"['Weather', 'Grid', 'GridExchange', 'Prices', 'Time']",SUCCESS,45.2905,25.0097,0.7067,32.8941,39.085,67.5612,584.97,RandomForest
2026-04-01 22:32:52,Exp8_Weather_WeatherLags_Grid_Prices_24h_Price,DK1,TARGET_Price_24h,"['Weather', 'WeatherLags', 'Grid', 'GridExchange', 'Prices', 'Time']",SUCCESS,44.3188,24.1019,0.7191,31.7002,38.2023,69.2409,51.37,XGBoost
2026-04-01 22:32:52,Exp8_Weather_WeatherLags_Grid_Prices_24h_Price,DK1,TARGET_Price_24h,"['Weather', 'WeatherLags', 'Grid', 'GridExchange', 'Prices', 'Time']",SUCCESS,43.1561,23.7592,0.7337,31.2494,37.8963,69.6498,34.12,LightGBM
2026-04-01 22:32:52,Exp8_Weather_WeatherLags_Grid_Prices_24h_Price,DK1,TARGET_Price_24h,"['Weather', 'WeatherLags', 'Grid', 'GridExchange', 'Prices', 'Time']",SUCCESS,41.821,23.1047,0.7499,30.3887,37.2907,69.9813,68.7,CatBoost
2026-04-01 22:32:52,Exp8_Weather_WeatherLags_Grid_Prices_24h_Price,DK1,TARGET_Price_24h,"['Weather', 'WeatherLags', 'Grid', 'GridExchange', 'Prices', 'Time']",SUCCESS,45.3737,25.0911,0.7056,33.0013,39.1302,67.2978,789.4,RandomForest
2026-04-01 22:48:28,Exp9_Weather_Grid_Gridlags_24h_Price,DK1,TARGET_Price_24h,"['Weather', 'Grid', 'GridExchange', 'GridLags', 'GridExchangeLags', 'Time']",SUCCESS,60.7059,32.1213,0.473,42.2478,45.7667,67.0095,51.36,XGBoost
2026-04-01 22:48:28,Exp9_Weather_Grid_Gridlags_24h_Price,DK1,TARGET_Price_24h,"['Weather', 'Grid', 'GridExchange', 'GridLags', 'GridExchangeLags', 'Time']",SUCCESS,59.9378,31.6216,0.4862,41.5906,45.4523,67.4996,36.94,LightGBM
2026-04-01 22:48:28,Exp9_Weather_Grid_Gridlags_24h_Price,DK1,TARGET_Price_24h,"['Weather', 'Grid', 'GridExchange', 'GridLags', 'GridExchangeLags', 'Time']",SUCCESS,59.377,30.9912,0.4958,40.7614,45.3508,62.7812,69.88,CatBoost
2026-04-01 22:48:28,Exp9_Weather_Grid_Gridlags_24h_Price,DK1,TARGET_Price_24h,"['Weather', 'Grid', 'GridExchange', 'GridLags', 'GridExchangeLags', 'Time']",SUCCESS,62.7901,33.4077,0.4362,43.9397,48.0187,62.2178,767.94,RandomForest
2026-04-01 23:07:44,Exp10_Weather_WeatherLags_Grid_Gridlags_24h_Price,DK1,TARGET_Price_24h,"['Weather', 'WeatherLags', 'Grid', 'GridExchange', 'GridLags', 'GridExchangeLags', 'Time']",SUCCESS,61.7625,32.6698,0.4545,42.9691,46.2342,66.8274,63.62,XGBoost
2026-04-01 23:07:44,Exp10_Weather_WeatherLags_Grid_Gridlags_24h_Price,DK1,TARGET_Price_24h,"['Weather', 'WeatherLags', 'Grid', 'GridExchange', 'GridLags', 'GridExchangeLags', 'Time']",SUCCESS,60.0652,31.7361,0.4841,41.7411,45.6353,67.6201,43.1,LightGBM
2026-04-01 23:07:44,Exp10_Weather_WeatherLags_Grid_Gridlags_24h_Price,DK1,TARGET_Price_24h,"['Weather', 'WeatherLags', 'Grid', 'GridExchange', 'GridLags', 'GridExchangeLags', 'Time']",SUCCESS,59.5406,30.8948,0.493,40.6346,45.2685,63.2608,79.18,CatBoost
2026-04-01 23:07:44,Exp10_Weather_WeatherLags_Grid_Gridlags_24h_Price,DK1,TARGET_Price_24h,"['Weather', 'WeatherLags', 'Grid', 'GridExchange', 'GridLags', 'GridExchangeLags', 'Time']",SUCCESS,62.407,33.2309,0.443,43.7072,47.8628,62.2492,958.11,RandomForest
2026-04-01 23:25:09,Exp11_Weather_Grid_Gridlags_Prices_24h_Price,DK1,TARGET_Price_24h,"['Weather', 'Grid', 'GridExchange', 'GridLags', 'GridExchangeLags', 'Prices', 'Time']",SUCCESS,44.4711,24.1995,0.7172,31.8286,38.2571,68.6788,55.07,XGBoost
2026-04-01 23:25:09,Exp11_Weather_Grid_Gridlags_Prices_24h_Price,DK1,TARGET_Price_24h,"['Weather', 'Grid', 'GridExchange', 'GridLags', 'GridExchangeLags', 'Prices', 'Time']",SUCCESS,43.1691,23.7999,0.7335,31.3029,37.958,69.3798,38.36,LightGBM
2026-04-01 23:25:09,Exp11_Weather_Grid_Gridlags_Prices_24h_Price,DK1,TARGET_Price_24h,"['Weather', 'Grid', 'GridExchange', 'GridLags', 'GridExchangeLags', 'Prices', 'Time']",SUCCESS,42.062,23.2807,0.747,30.6201,37.3093,69.8227,72.78,CatBoost
2026-04-01 23:25:09,Exp11_Weather_Grid_Gridlags_Prices_24h_Price,DK1,TARGET_Price_24h,"['Weather', 'Grid', 'GridExchange', 'GridLags', 'GridExchangeLags', 'Prices', 'Time']",SUCCESS,45.481,25.0419,0.7042,32.9365,39.0195,66.7173,868.23,RandomForest
2026-04-01 23:46:03,Exp12_Weather_WeatherLags_Grid_Gridlags_Prices_24h_Price,DK1,TARGET_Price_24h,"['Weather', 'WeatherLags', 'Grid', 'GridExchange', 'GridLags', 'GridExchangeLags', 'Prices', 'Time']",SUCCESS,44.5111,24.2223,0.7167,31.8585,38.1705,68.9802,67.42,XGBoost
2026-04-01 23:46:03,Exp12_Weather_WeatherLags_Grid_Gridlags_Prices_24h_Price,DK1,TARGET_Price_24h,"['Weather', 'WeatherLags', 'Grid', 'GridExchange', 'GridLags', 'GridExchangeLags', 'Prices', 'Time']",SUCCESS,43.5288,23.9557,0.729,31.5078,38.0403,69.2095,43.59,LightGBM
2026-04-01 23:46:03,Exp12_Weather_WeatherLags_Grid_Gridlags_Prices_24h_Price,DK1,TARGET_Price_24h,"['Weather', 'WeatherLags', 'Grid', 'GridExchange', 'GridLags', 'GridExchangeLags', 'Prices', 'Time']",SUCCESS,41.8867,23.2075,0.7491,30.5238,37.3289,69.5921,80.88,CatBoost
2026-04-01 23:46:03,Exp12_Weather_WeatherLags_Grid_Gridlags_Prices_24h_Price,DK1,TARGET_Price_24h,"['Weather', 'WeatherLags', 'Grid', 'GridExchange', 'GridLags', 'GridExchangeLags', 'Prices', 'Time']",SUCCESS,45.8499,25.2366,0.6994,33.1926,39.1789,66.7396,1050.62,RandomForest
2026-04-02 00:07:14,Exp13_Total_Information_24h_Price,DK1,TARGET_Price_24h,['All_Features'],SUCCESS,42.9702,23.3816,0.7359,30.7528,37.5626,69.2462,66.48,XGBoost
2026-04-02 00:07:14,Exp13_Total_Information_24h_Price,DK1,TARGET_Price_24h,['All_Features'],SUCCESS,42.5259,23.1919,0.7414,30.5033,37.3818,69.8149,42.06,LightGBM
2026-04-02 00:07:14,Exp13_Total_Information_24h_Price,DK1,TARGET_Price_24h,['All_Features'],SUCCESS,40.7776,22.3626,0.7622,29.4126,36.508,70.4726,80.43,CatBoost
2026-04-02 00:07:14,Exp13_Total_Information_24h_Price,DK1,TARGET_Price_24h,['All_Features'],SUCCESS,42.7131,23.4383,0.7391,30.8273,37.7408,67.7931,1069.53,RandomForest
2026-04-02 00:12:18,Exp1_Weather_Only_48h_Price,DK1,TARGET_Price_48h,"['Weather', 'Time']",SUCCESS,85.5504,45.1237,-0.0467,59.3317,64.2021,66.7724,20.07,XGBoost
2026-04-02 00:12:18,Exp1_Weather_Only_48h_Price,DK1,TARGET_Price_48h,"['Weather', 'Time']",SUCCESS,86.4396,45.5655,-0.0685,59.9126,64.2286,67.4655,17.36,LightGBM
2026-04-02 00:12:18,Exp1_Weather_Only_48h_Price,DK1,TARGET_Price_48h,"['Weather', 'Time']",SUCCESS,84.2134,43.4588,-0.0142,57.1425,59.8944,52.1194,45.43,CatBoost
2026-04-02 00:12:18,Exp1_Weather_Only_48h_Price,DK1,TARGET_Price_48h,"['Weather', 'Time']",SUCCESS,87.0053,46.0016,-0.0826,60.486,64.7166,58.8504,216.42,RandomForest
2026-04-02 00:21:02,Exp2_Weather_WeatherLags_Only_48h_Price,DK1,TARGET_Price_48h,"['Weather', 'WeatherLags', 'Time']",SUCCESS,84.8473,44.9204,-0.0295,59.0643,63.3762,66.0661,30.5,XGBoost
2026-04-02 00:21:02,Exp2_Weather_WeatherLags_Only_48h_Price,DK1,TARGET_Price_48h,"['Weather', 'WeatherLags', 'Time']",SUCCESS,85.6212,45.2654,-0.0484,59.5179,63.3769,66.7448,21.97,LightGBM
2026-04-02 00:21:02,Exp2_Weather_WeatherLags_Only_48h_Price,DK1,TARGET_Price_48h,"['Weather', 'WeatherLags', 'Time']",SUCCESS,83.7305,43.2071,-0.0026,56.8116,59.5965,52.3749,54.33,CatBoost
2026-04-02 00:21:02,Exp2_Weather_WeatherLags_Only_48h_Price,DK1,TARGET_Price_48h,"['Weather', 'WeatherLags', 'Time']",SUCCESS,86.2585,45.7472,-0.0641,60.1515,63.9965,58.6892,411.44,RandomForest
2026-04-02 00:27:44,Exp3_Weather_Prices_48h_Price,DK1,TARGET_Price_48h,"['Weather', 'Prices', 'Time']",SUCCESS,49.5808,27.2335,0.6484,35.8084,41.235,69.2973,24.62,XGBoost
2026-04-02 00:27:44,Exp3_Weather_Prices_48h_Price,DK1,TARGET_Price_48h,"['Weather', 'Prices', 'Time']",SUCCESS,49.5888,27.1778,0.6483,35.7352,41.0871,69.9734,19.09,LightGBM
2026-04-02 00:27:44,Exp3_Weather_Prices_48h_Price,DK1,TARGET_Price_48h,"['Weather', 'Prices', 'Time']",SUCCESS,46.7614,25.9927,0.6873,34.177,40.0833,68.2609,48.44,CatBoost
2026-04-02 00:27:44,Exp3_Weather_Prices_48h_Price,DK1,TARGET_Price_48h,"['Weather', 'Prices', 'Time']",SUCCESS,49.6613,27.6985,0.6473,36.4199,41.8419,67.0384,305.2,RandomForest
2026-04-02 00:38:01,Exp4_Weather_WeatherLags_Prices_48h_Price,DK1,TARGET_Price_48h,"['Weather', 'WeatherLags', 'Prices', 'Time']",SUCCESS,49.4293,27.1279,0.6506,35.6696,41.1611,69.5515,35.19,XGBoost
2026-04-02 00:38:01,Exp4_Weather_WeatherLags_Prices_48h_Price,DK1,TARGET_Price_48h,"['Weather', 'WeatherLags', 'Prices', 'Time']",SUCCESS,48.8633,26.9353,0.6585,35.4163,40.8806,69.9092,24.36,LightGBM
2026-04-02 00:38:01,Exp4_Weather_WeatherLags_Prices_48h_Price,DK1,TARGET_Price_48h,"['Weather', 'WeatherLags', 'Prices', 'Time']",SUCCESS,47.3502,26.1949,0.6794,34.4428,40.0772,68.6657,56.96,CatBoost
2026-04-02 00:38:01,Exp4_Weather_WeatherLags_Prices_48h_Price,DK1,TARGET_Price_48h,"['Weather', 'WeatherLags', 'Prices', 'Time']",SUCCESS,50.1019,27.7671,0.641,36.5101,41.82,66.682,493.68,RandomForest
2026-04-02 00:48:11,Exp5_Weather_Grid_48h_Price,DK1,TARGET_Price_48h,"['Weather', 'Grid', 'GridExchange', 'Time']",SUCCESS,62.9,34.1065,0.4342,44.8455,48.0917,67.4052,34.51,XGBoost
2026-04-02 00:48:11,Exp5_Weather_Grid_48h_Price,DK1,TARGET_Price_48h,"['Weather', 'Grid', 'GridExchange', 'Time']",SUCCESS,62.1073,33.613,0.4484,44.1966,47.7713,67.3856,26.44,LightGBM
2026-04-02 00:48:11,Exp5_Weather_Grid_48h_Price,DK1,TARGET_Price_48h,"['Weather', 'Grid', 'GridExchange', 'Time']",SUCCESS,60.4193,31.834,0.4779,41.8575,46.1801,62.4209,57.44,CatBoost
2026-04-02 00:48:11,Exp5_Weather_Grid_48h_Price,DK1,TARGET_Price_48h,"['Weather', 'Grid', 'GridExchange', 'Time']",SUCCESS,68.5423,36.6148,0.3281,48.1435,50.2968,60.7319,484.42,RandomForest
2026-04-02 01:01:57,Exp6_Weather_WeatherLags_Grid_48h_Price,DK1,TARGET_Price_48h,"['Weather', 'WeatherLags', 'Grid', 'GridExchange', 'Time']",SUCCESS,63.4646,34.3429,0.424,45.1563,48.256,67.3384,46.33,XGBoost
2026-04-02 01:01:57,Exp6_Weather_WeatherLags_Grid_48h_Price,DK1,TARGET_Price_48h,"['Weather', 'WeatherLags', 'Grid', 'GridExchange', 'Time']",SUCCESS,62.2801,33.476,0.4453,44.0165,47.4084,67.7446,32.69,LightGBM
2026-04-02 01:01:57,Exp6_Weather_WeatherLags_Grid_48h_Price,DK1,TARGET_Price_48h,"['Weather', 'WeatherLags', 'Grid', 'GridExchange', 'Time']",SUCCESS,60.8653,32.0348,0.4702,42.1214,46.3029,62.2152,65.62,CatBoost
2026-04-02 01:01:57,Exp6_Weather_WeatherLags_Grid_48h_Price,DK1,TARGET_Price_48h,"['Weather', 'WeatherLags', 'Grid', 'GridExchange', 'Time']",SUCCESS,67.8629,36.2714,0.3414,47.6921,50.187,60.6127,672.08,RandomForest
2026-04-02 01:13:54,Exp7_Weather_Grid_Prices_48h_Price,DK1,TARGET_Price_48h,"['Weather', 'Grid', 'GridExchange', 'Prices', 'Time']",SUCCESS,49.2466,27.3018,0.6532,35.8983,41.5483,68.6526,39.29,XGBoost
2026-04-02 01:13:54,Exp7_Weather_Grid_Prices_48h_Price,DK1,TARGET_Price_48h,"['Weather', 'Grid', 'GridExchange', 'Prices', 'Time']",SUCCESS,49.5656,27.6024,0.6487,36.2935,41.7231,68.9186,28.28,LightGBM
2026-04-02 01:13:54,Exp7_Weather_Grid_Prices_48h_Price,DK1,TARGET_Price_48h,"['Weather', 'Grid', 'GridExchange', 'Prices', 'Time']",SUCCESS,46.7232,26.1414,0.6878,34.3725,40.2311,67.4537,58.9,CatBoost
2026-04-02 01:13:54,Exp7_Weather_Grid_Prices_48h_Price,DK1,TARGET_Price_48h,"['Weather', 'Grid', 'GridExchange', 'Prices', 'Time']",SUCCESS,50.308,28.1397,0.6381,36.9999,42.477,65.4857,582.69,RandomForest
2026-04-02 01:29:35,Exp8_Weather_WeatherLags_Grid_Prices_48h_Price,DK1,TARGET_Price_48h,"['Weather', 'WeatherLags', 'Grid', 'GridExchange', 'Prices', 'Time']",SUCCESS,49.4071,27.3014,0.6509,35.8976,41.5716,68.4168,50.95,XGBoost
2026-04-02 01:29:35,Exp8_Weather_WeatherLags_Grid_Prices_48h_Price,DK1,TARGET_Price_48h,"['Weather', 'WeatherLags', 'Grid', 'GridExchange', 'Prices', 'Time']",SUCCESS,48.8867,27.326,0.6582,35.9301,41.4825,68.9488,34.91,LightGBM
2026-04-02 01:29:35,Exp8_Weather_WeatherLags_Grid_Prices_48h_Price,DK1,TARGET_Price_48h,"['Weather', 'WeatherLags', 'Grid', 'GridExchange', 'Prices', 'Time']",SUCCESS,46.5203,26.0611,0.6905,34.2669,40.1498,67.8769,68.35,CatBoost
2026-04-02 01:29:35,Exp8_Weather_WeatherLags_Grid_Prices_48h_Price,DK1,TARGET_Price_48h,"['Weather', 'WeatherLags', 'Grid', 'GridExchange', 'Prices', 'Time']",SUCCESS,50.6404,28.225,0.6333,37.1122,42.5303,65.4896,777.37,RandomForest
2026-04-02 01:45:03,Exp9_Weather_Grid_Gridlags_48h_Price,DK1,TARGET_Price_48h,"['Weather', 'Grid', 'GridExchange', 'GridLags', 'GridExchangeLags', 'Time']",SUCCESS,61.2013,33.1011,0.4643,43.5236,47.2458,67.2742,50.68,XGBoost
2026-04-02 01:45:03,Exp9_Weather_Grid_Gridlags_48h_Price,DK1,TARGET_Price_48h,"['Weather', 'Grid', 'GridExchange', 'GridLags', 'GridExchangeLags', 'Time']",SUCCESS,60.7203,32.7639,0.4727,43.0802,46.9264,67.6791,36.66,LightGBM
2026-04-02 01:45:03,Exp9_Weather_Grid_Gridlags_48h_Price,DK1,TARGET_Price_48h,"['Weather', 'Grid', 'GridExchange', 'GridLags', 'GridExchangeLags', 'Time']",SUCCESS,60.7533,32.075,0.4722,42.1744,46.3071,61.142,69.07,CatBoost
2026-04-02 01:45:03,Exp9_Weather_Grid_Gridlags_48h_Price,DK1,TARGET_Price_48h,"['Weather', 'Grid', 'GridExchange', 'GridLags', 'GridExchangeLags', 'Time']",SUCCESS,63.5501,34.306,0.4224,45.1079,49.059,61.5063,761.94,RandomForest
2026-04-02 02:04:05,Exp10_Weather_WeatherLags_Grid_Gridlags_48h_Price,DK1,TARGET_Price_48h,"['Weather', 'WeatherLags', 'Grid', 'GridExchange', 'GridLags', 'GridExchangeLags', 'Time']",SUCCESS,61.204,32.9068,0.4643,43.268,47.1076,67.248,62.37,XGBoost
2026-04-02 02:04:05,Exp10_Weather_WeatherLags_Grid_Gridlags_48h_Price,DK1,TARGET_Price_48h,"['Weather', 'WeatherLags', 'Grid', 'GridExchange', 'GridLags', 'GridExchangeLags', 'Time']",SUCCESS,60.0013,32.4481,0.4851,42.6649,46.7144,67.9621,41.53,LightGBM
2026-04-02 02:04:05,Exp10_Weather_WeatherLags_Grid_Gridlags_48h_Price,DK1,TARGET_Price_48h,"['Weather', 'WeatherLags', 'Grid', 'GridExchange', 'GridLags', 'GridExchangeLags', 'Time']",SUCCESS,60.5203,31.9632,0.4762,42.0273,46.1784,62.2951,77.74,CatBoost
2026-04-02 02:04:05,Exp10_Weather_WeatherLags_Grid_Gridlags_48h_Price,DK1,TARGET_Price_48h,"['Weather', 'WeatherLags', 'Grid', 'GridExchange', 'GridLags', 'GridExchangeLags', 'Time']",SUCCESS,64.0544,34.5604,0.4132,45.4423,49.2617,61.5338,949.2,RandomForest
2026-04-02 02:21:09,Exp11_Weather_Grid_Gridlags_Prices_48h_Price,DK1,TARGET_Price_48h,"['Weather', 'Grid', 'GridExchange', 'GridLags', 'GridExchangeLags', 'Prices', 'Time']",SUCCESS,48.7706,27.255,0.6598,35.8367,41.544,68.5295,54.66,XGBoost
2026-04-02 02:21:09,Exp11_Weather_Grid_Gridlags_Prices_48h_Price,DK1,TARGET_Price_48h,"['Weather', 'Grid', 'GridExchange', 'GridLags', 'GridExchangeLags', 'Prices', 'Time']",SUCCESS,48.6499,27.1764,0.6615,35.7334,41.2512,68.7509,37.77,LightGBM
2026-04-02 02:21:09,Exp11_Weather_Grid_Gridlags_Prices_48h_Price,DK1,TARGET_Price_48h,"['Weather', 'Grid', 'GridExchange', 'GridLags', 'GridExchangeLags', 'Prices', 'Time']",SUCCESS,47.1084,26.1417,0.6826,34.3729,40.073,67.9582,71.24,CatBoost
2026-04-02 02:21:09,Exp11_Weather_Grid_Gridlags_Prices_48h_Price,DK1,TARGET_Price_48h,"['Weather', 'Grid', 'GridExchange', 'GridLags', 'GridExchangeLags', 'Prices', 'Time']",SUCCESS,50.6005,28.2025,0.6338,37.0826,42.4502,65.4424,850.25,RandomForest
2026-04-02 02:42:04,Exp12_Weather_WeatherLags_Grid_Gridlags_Prices_48h_Price,DK1,TARGET_Price_48h,"['Weather', 'WeatherLags', 'Grid', 'GridExchange', 'GridLags', 'GridExchangeLags', 'Prices', 'Time']",SUCCESS,49.0877,27.2432,0.6554,35.8212,41.3236,68.6055,66.57,XGBoost
2026-04-02 02:42:04,Exp12_Weather_WeatherLags_Grid_Gridlags_Prices_48h_Price,DK1,TARGET_Price_48h,"['Weather', 'WeatherLags', 'Grid', 'GridExchange', 'GridLags', 'GridExchangeLags', 'Prices', 'Time']",SUCCESS,48.5098,27.1497,0.6635,35.6983,41.2769,68.4757,42.45,LightGBM
2026-04-02 02:42:04,Exp12_Weather_WeatherLags_Grid_Gridlags_Prices_48h_Price,DK1,TARGET_Price_48h,"['Weather', 'WeatherLags', 'Grid', 'GridExchange', 'GridLags', 'GridExchangeLags', 'Prices', 'Time']",SUCCESS,47.119,26.2847,0.6825,34.5609,40.2921,67.5559,79.05,CatBoost
2026-04-02 02:42:04,Exp12_Weather_WeatherLags_Grid_Gridlags_Prices_48h_Price,DK1,TARGET_Price_48h,"['Weather', 'WeatherLags', 'Grid', 'GridExchange', 'GridLags', 'GridExchangeLags', 'Prices', 'Time']",SUCCESS,50.9465,28.3591,0.6288,37.2884,42.5516,65.2118,1054.48,RandomForest
2026-04-02 03:03:10,Exp13_Total_Information_48h_Price,DK1,TARGET_Price_48h,['All_Features'],SUCCESS,48.903,26.8434,0.658,35.2955,40.9945,68.4705,66.17,XGBoost
2026-04-02 03:03:10,Exp13_Total_Information_48h_Price,DK1,TARGET_Price_48h,['All_Features'],SUCCESS,48.0741,26.7378,0.6695,35.1566,40.9524,68.9789,42.27,LightGBM
2026-04-02 03:03:10,Exp13_Total_Information_48h_Price,DK1,TARGET_Price_48h,['All_Features'],SUCCESS,46.477,25.7894,0.6911,33.9096,39.6605,67.9241,80.48,CatBoost
2026-04-02 03:03:10,Exp13_Total_Information_48h_Price,DK1,TARGET_Price_48h,['All_Features'],SUCCESS,50.4886,27.6073,0.6355,36.3,41.5894,66.0425,1065.61,RandomForest
2026-04-02 03:08:13,Exp1_Weather_Only_72h_Price,DK1,TARGET_Price_72h,"['Weather', 'Time']",SUCCESS,85.825,45.3474,-0.0535,59.614,64.338,66.8706,20.13,XGBoost
2026-04-02 03:08:13,Exp1_Weather_Only_72h_Price,DK1,TARGET_Price_72h,"['Weather', 'Time']",SUCCESS,86.75,45.7603,-0.0763,60.1568,64.3822,67.2545,17.41,LightGBM
2026-04-02 03:08:13,Exp1_Weather_Only_72h_Price,DK1,TARGET_Price_72h,"['Weather', 'Time']",SUCCESS,84.5355,43.5247,-0.022,57.2178,59.7743,49.3442,45.1,CatBoost
2026-04-02 03:08:13,Exp1_Weather_Only_72h_Price,DK1,TARGET_Price_72h,"['Weather', 'Time']",SUCCESS,87.0603,46.2928,-0.084,60.8569,64.8134,58.49,215.95,RandomForest
2026-04-02 03:16:52,Exp2_Weather_WeatherLags_Only_72h_Price,DK1,TARGET_Price_72h,"['Weather', 'WeatherLags', 'Time']",SUCCESS,85.2225,45.1778,-0.0387,59.391,63.6267,65.9456,30.61,XGBoost
2026-04-02 03:16:52,Exp2_Weather_WeatherLags_Only_72h_Price,DK1,TARGET_Price_72h,"['Weather', 'WeatherLags', 'Time']",SUCCESS,86.1021,45.3659,-0.0603,59.6383,63.3836,66.8588,21.84,LightGBM
2026-04-02 03:16:52,Exp2_Weather_WeatherLags_Only_72h_Price,DK1,TARGET_Price_72h,"['Weather', 'WeatherLags', 'Time']",SUCCESS,84.2087,43.367,-0.0142,57.0105,59.5,49.5303,54.57,CatBoost
2026-04-02 03:16:52,Exp2_Weather_WeatherLags_Only_72h_Price,DK1,TARGET_Price_72h,"['Weather', 'WeatherLags', 'Time']",SUCCESS,86.7709,46.0897,-0.0768,60.5898,64.2588,57.6672,405.62,RandomForest
2026-04-02 03:23:32,Exp3_Weather_Prices_72h_Price,DK1,TARGET_Price_72h,"['Weather', 'Prices', 'Time']",SUCCESS,51.5142,28.2422,0.6205,37.1274,42.1745,68.8898,24.78,XGBoost
2026-04-02 03:23:32,Exp3_Weather_Prices_72h_Price,DK1,TARGET_Price_72h,"['Weather', 'Prices', 'Time']",SUCCESS,50.4431,28.0013,0.6361,36.8107,41.9822,69.4768,19.02,LightGBM
2026-04-02 03:23:32,Exp3_Weather_Prices_72h_Price,DK1,TARGET_Price_72h,"['Weather', 'Prices', 'Time']",SUCCESS,48.0364,26.8807,0.67,35.3375,40.9169,67.2218,48.35,CatBoost
2026-04-02 03:23:32,Exp3_Weather_Prices_72h_Price,DK1,TARGET_Price_72h,"['Weather', 'Prices', 'Time']",SUCCESS,51.6453,28.7414,0.6185,37.7836,42.6592,66.5011,302.79,RandomForest
2026-04-02 03:33:48,Exp4_Weather_WeatherLags_Prices_72h_Price,DK1,TARGET_Price_72h,"['Weather', 'WeatherLags', 'Prices', 'Time']",SUCCESS,50.7911,28.1221,0.6311,36.9695,42.1455,68.9094,35.36,XGBoost
2026-04-02 03:33:48,Exp4_Weather_WeatherLags_Prices_72h_Price,DK1,TARGET_Price_72h,"['Weather', 'WeatherLags', 'Prices', 'Time']",SUCCESS,50.2865,27.8637,0.6383,36.6298,41.8389,69.2292,24.53,LightGBM
2026-04-02 03:33:48,Exp4_Weather_WeatherLags_Prices_72h_Price,DK1,TARGET_Price_72h,"['Weather', 'WeatherLags', 'Prices', 'Time']",SUCCESS,48.312,26.9692,0.6662,35.4539,40.8798,67.1183,57.18,CatBoost
2026-04-02 03:33:48,Exp4_Weather_WeatherLags_Prices_72h_Price,DK1,TARGET_Price_72h,"['Weather', 'WeatherLags', 'Prices', 'Time']",SUCCESS,52.0571,28.9242,0.6124,38.0239,42.6889,66.0032,491.81,RandomForest
2026-04-02 03:43:55,Exp5_Weather_Grid_72h_Price,DK1,TARGET_Price_72h,"['Weather', 'Grid', 'GridExchange', 'Time']",SUCCESS,63.5055,34.6745,0.4232,45.5833,48.4356,67.1157,34.62,XGBoost
2026-04-02 03:43:55,Exp5_Weather_Grid_72h_Price,DK1,TARGET_Price_72h,"['Weather', 'Grid', 'GridExchange', 'Time']",SUCCESS,62.2505,33.7764,0.4458,44.4027,47.884,67.9136,26.69,LightGBM
2026-04-02 03:43:55,Exp5_Weather_Grid_72h_Price,DK1,TARGET_Price_72h,"['Weather', 'Grid', 'GridExchange', 'Time']",SUCCESS,60.9494,32.2989,0.4687,42.4603,46.429,61.3478,57.72,CatBoost
2026-04-02 03:43:55,Exp5_Weather_Grid_72h_Price,DK1,TARGET_Price_72h,"['Weather', 'Grid', 'GridExchange', 'Time']",SUCCESS,66.8317,36.2831,0.3612,47.698,50.4576,61.3412,481.67,RandomForest
2026-04-02 03:57:44,Exp6_Weather_WeatherLags_Grid_72h_Price,DK1,TARGET_Price_72h,"['Weather', 'WeatherLags', 'Grid', 'GridExchange', 'Time']",SUCCESS,63.4463,34.4824,0.4243,45.3308,48.5242,67.1314,46.48,XGBoost
2026-04-02 03:57:44,Exp6_Weather_WeatherLags_Grid_72h_Price,DK1,TARGET_Price_72h,"['Weather', 'WeatherLags', 'Grid', 'GridExchange', 'Time']",SUCCESS,62.5728,33.8765,0.44,44.5343,47.8941,68.0591,32.6,LightGBM
2026-04-02 03:57:44,Exp6_Weather_WeatherLags_Grid_72h_Price,DK1,TARGET_Price_72h,"['Weather', 'WeatherLags', 'Grid', 'GridExchange', 'Time']",SUCCESS,61.4489,32.2035,0.46,42.3349,46.452,61.9846,66.65,CatBoost
2026-04-02 03:57:44,Exp6_Weather_WeatherLags_Grid_72h_Price,DK1,TARGET_Price_72h,"['Weather', 'WeatherLags', 'Grid', 'GridExchange', 'Time']",SUCCESS,68.1386,36.7209,0.336,48.2735,50.6924,61.1211,673.74,RandomForest
2026-04-02 04:09:35,Exp7_Weather_Grid_Prices_72h_Price,DK1,TARGET_Price_72h,"['Weather', 'Grid', 'GridExchange', 'Prices', 'Time']",SUCCESS,50.7718,28.4345,0.6313,37.3802,42.3821,67.7983,39.36,XGBoost
2026-04-02 04:09:35,Exp7_Weather_Grid_Prices_72h_Price,DK1,TARGET_Price_72h,"['Weather', 'Grid', 'GridExchange', 'Prices', 'Time']",SUCCESS,50.4224,28.399,0.6364,37.3336,42.3542,68.3827,28.5,LightGBM
2026-04-02 04:09:35,Exp7_Weather_Grid_Prices_72h_Price,DK1,TARGET_Price_72h,"['Weather', 'Grid', 'GridExchange', 'Prices', 'Time']",SUCCESS,47.9941,26.8183,0.6706,35.2555,40.6546,65.9731,60.02,CatBoost
2026-04-02 04:09:35,Exp7_Weather_Grid_Prices_72h_Price,DK1,TARGET_Price_72h,"['Weather', 'Grid', 'GridExchange', 'Prices', 'Time']",SUCCESS,52.8002,29.5262,0.6013,38.8154,43.3412,64.9982,575.72,RandomForest
2026-04-02 04:25:12,Exp8_Weather_WeatherLags_Grid_Prices_72h_Price,DK1,TARGET_Price_72h,"['Weather', 'WeatherLags', 'Grid', 'GridExchange', 'Prices', 'Time']",SUCCESS,50.445,28.2221,0.6361,37.1009,42.2439,67.8363,51.52,XGBoost
2026-04-02 04:25:12,Exp8_Weather_WeatherLags_Grid_Prices_72h_Price,DK1,TARGET_Price_72h,"['Weather', 'WeatherLags', 'Grid', 'GridExchange', 'Prices', 'Time']",SUCCESS,50.2559,28.3414,0.6388,37.2577,42.3645,68.5622,34.22,LightGBM
2026-04-02 04:25:12,Exp8_Weather_WeatherLags_Grid_Prices_72h_Price,DK1,TARGET_Price_72h,"['Weather', 'WeatherLags', 'Grid', 'GridExchange', 'Prices', 'Time']",SUCCESS,48.3852,26.963,0.6652,35.4457,40.8961,66.2587,68.76,CatBoost
2026-04-02 04:25:12,Exp8_Weather_WeatherLags_Grid_Prices_72h_Price,DK1,TARGET_Price_72h,"['Weather', 'WeatherLags', 'Grid', 'GridExchange', 'Prices', 'Time']",SUCCESS,53.5056,29.7427,0.5906,39.1,43.3367,64.938,773.27,RandomForest
2026-04-02 04:40:44,Exp9_Weather_Grid_Gridlags_72h_Price,DK1,TARGET_Price_72h,"['Weather', 'Grid', 'GridExchange', 'GridLags', 'GridExchangeLags', 'Time']",SUCCESS,62.4183,33.7477,0.4428,44.365,47.7804,66.7671,50.57,XGBoost
2026-04-02 04:40:44,Exp9_Weather_Grid_Gridlags_72h_Price,DK1,TARGET_Price_72h,"['Weather', 'Grid', 'GridExchange', 'GridLags', 'GridExchangeLags', 'Time']",SUCCESS,61.9729,33.4348,0.4507,43.9536,47.4616,67.5874,36.71,LightGBM
2026-04-02 04:40:44,Exp9_Weather_Grid_Gridlags_72h_Price,DK1,TARGET_Price_72h,"['Weather', 'Grid', 'GridExchange', 'GridLags', 'GridExchangeLags', 'Time']",SUCCESS,60.9798,32.2013,0.4682,42.332,46.3197,60.3467,68.37,CatBoost
2026-04-02 04:40:44,Exp9_Weather_Grid_Gridlags_72h_Price,DK1,TARGET_Price_72h,"['Weather', 'Grid', 'GridExchange', 'GridLags', 'GridExchangeLags', 'Time']",SUCCESS,64.3258,34.9563,0.4082,45.9538,49.5742,61.1892,766.29,RandomForest
2026-04-02 04:59:39,Exp10_Weather_WeatherLags_Grid_Gridlags_72h_Price,DK1,TARGET_Price_72h,"['Weather', 'WeatherLags', 'Grid', 'GridExchange', 'GridLags', 'GridExchangeLags', 'Time']",SUCCESS,61.6635,33.3888,0.4562,43.8931,47.6273,66.9034,62.2,XGBoost
2026-04-02 04:59:39,Exp10_Weather_WeatherLags_Grid_Gridlags_72h_Price,DK1,TARGET_Price_72h,"['Weather', 'WeatherLags', 'Grid', 'GridExchange', 'GridLags', 'GridExchangeLags', 'Time']",SUCCESS,61.6334,33.2919,0.4567,43.7658,47.3418,67.6136,41.95,LightGBM
2026-04-02 04:59:39,Exp10_Weather_WeatherLags_Grid_Gridlags_72h_Price,DK1,TARGET_Price_72h,"['Weather', 'WeatherLags', 'Grid', 'GridExchange', 'GridLags', 'GridExchangeLags', 'Time']",SUCCESS,61.0221,32.0166,0.4674,42.0893,46.1333,60.8341,77.83,CatBoost
2026-04-02 04:59:39,Exp10_Weather_WeatherLags_Grid_Gridlags_72h_Price,DK1,TARGET_Price_72h,"['Weather', 'WeatherLags', 'Grid', 'GridExchange', 'GridLags', 'GridExchangeLags', 'Time']",SUCCESS,64.6863,35.1277,0.4016,46.1791,49.8325,61.2534,942.1,RandomForest
2026-04-02 05:16:47,Exp11_Weather_Grid_Gridlags_Prices_72h_Price,DK1,TARGET_Price_72h,"['Weather', 'Grid', 'GridExchange', 'GridLags', 'GridExchangeLags', 'Prices', 'Time']",SUCCESS,50.1204,28.0519,0.6407,36.8772,42.0804,67.7394,55.3,XGBoost
2026-04-02 05:16:47,Exp11_Weather_Grid_Gridlags_Prices_72h_Price,DK1,TARGET_Price_72h,"['Weather', 'Grid', 'GridExchange', 'GridLags', 'GridExchangeLags', 'Prices', 'Time']",SUCCESS,50.2627,28.2885,0.6387,37.1882,42.3428,68.1442,38.22,LightGBM
2026-04-02 05:16:48,Exp11_Weather_Grid_Gridlags_Prices_72h_Price,DK1,TARGET_Price_72h,"['Weather', 'Grid', 'GridExchange', 'GridLags', 'GridExchangeLags', 'Prices', 'Time']",SUCCESS,48.261,26.9238,0.6669,35.3942,40.7447,66.146,72.11,CatBoost
2026-04-02 05:16:48,Exp11_Weather_Grid_Gridlags_Prices_72h_Price,DK1,TARGET_Price_72h,"['Weather', 'Grid', 'GridExchange', 'GridLags', 'GridExchangeLags', 'Prices', 'Time']",SUCCESS,52.8093,29.4637,0.6012,38.7332,43.17,65.0428,852.53,RandomForest
2026-04-02 05:37:32,Exp12_Weather_WeatherLags_Grid_Gridlags_Prices_72h_Price,DK1,TARGET_Price_72h,"['Weather', 'WeatherLags', 'Grid', 'GridExchange', 'GridLags', 'GridExchangeLags', 'Prices', 'Time']",SUCCESS,50.6545,28.3591,0.633,37.2811,42.3307,67.856,67.3,XGBoost
2026-04-02 05:37:32,Exp12_Weather_WeatherLags_Grid_Gridlags_Prices_72h_Price,DK1,TARGET_Price_72h,"['Weather', 'WeatherLags', 'Grid', 'GridExchange', 'GridLags', 'GridExchangeLags', 'Prices', 'Time']",SUCCESS,50.0305,28.2706,0.642,37.1648,42.3501,68.1364,43.29,LightGBM
2026-04-02 05:37:32,Exp12_Weather_WeatherLags_Grid_Gridlags_Prices_72h_Price,DK1,TARGET_Price_72h,"['Weather', 'WeatherLags', 'Grid', 'GridExchange', 'GridLags', 'GridExchangeLags', 'Prices', 'Time']",SUCCESS,48.2704,26.9938,0.6668,35.4863,40.8072,65.7857,79.11,CatBoost
2026-04-02 05:37:32,Exp12_Weather_WeatherLags_Grid_Gridlags_Prices_72h_Price,DK1,TARGET_Price_72h,"['Weather', 'WeatherLags', 'Grid', 'GridExchange', 'GridLags', 'GridExchangeLags', 'Prices', 'Time']",SUCCESS,53.3272,29.5893,0.5933,38.8983,43.1605,65.0415,1042.63,RandomForest
2026-04-02 05:58:37,Exp13_Total_Information_72h_Price,DK1,TARGET_Price_72h,['All_Features'],SUCCESS,49.579,27.8137,0.6485,36.5641,41.9626,68.1285,67.26,XGBoost
2026-04-02 05:58:37,Exp13_Total_Information_72h_Price,DK1,TARGET_Price_72h,['All_Features'],SUCCESS,49.3782,27.7597,0.6513,36.4931,41.7648,68.4037,43.6,LightGBM
2026-04-02 05:58:37,Exp13_Total_Information_72h_Price,DK1,TARGET_Price_72h,['All_Features'],SUCCESS,47.8976,26.7135,0.6719,35.1178,40.5497,66.3858,80.95,CatBoost
2026-04-02 05:58:37,Exp13_Total_Information_72h_Price,DK1,TARGET_Price_72h,['All_Features'],SUCCESS,52.1739,29.0298,0.6107,38.1627,42.7392,65.3402,1061.23,RandomForest
2026-04-02 06:03:39,Exp1_Weather_Only_96h_Price,DK1,TARGET_Price_96h,"['Weather', 'Time']",SUCCESS,86.437,45.6364,-0.0686,59.9808,64.7395,66.7357,20.15,XGBoost
2026-04-02 06:03:39,Exp1_Weather_Only_96h_Price,DK1,TARGET_Price_96h,"['Weather', 'Time']",SUCCESS,86.9533,45.8278,-0.0814,60.2324,64.5665,67.0174,17.31,LightGBM
2026-04-02 06:03:39,Exp1_Weather_Only_96h_Price,DK1,TARGET_Price_96h,"['Weather', 'Time']",SUCCESS,84.7428,43.6288,-0.0271,57.3422,59.9576,51.8442,44.85,CatBoost
2026-04-02 06:03:39,Exp1_Weather_Only_96h_Price,DK1,TARGET_Price_96h,"['Weather', 'Time']",SUCCESS,87.3236,46.3722,-0.0906,60.9479,65.0296,58.4979,215.63,RandomForest
2026-04-02 06:12:11,Exp2_Weather_WeatherLags_Only_96h_Price,DK1,TARGET_Price_96h,"['Weather', 'WeatherLags', 'Time']",SUCCESS,85.7689,45.315,-0.0521,59.5584,63.9636,66.0045,30.26,XGBoost
2026-04-02 06:12:11,Exp2_Weather_WeatherLags_Only_96h_Price,DK1,TARGET_Price_96h,"['Weather', 'WeatherLags', 'Time']",SUCCESS,86.2984,45.5196,-0.0652,59.8273,63.8383,66.5142,21.65,LightGBM
2026-04-02 06:12:11,Exp2_Weather_WeatherLags_Only_96h_Price,DK1,TARGET_Price_96h,"['Weather', 'WeatherLags', 'Time']",SUCCESS,84.298,43.4124,-0.0164,57.0578,59.4438,51.0017,53.51,CatBoost
2026-04-02 06:12:11,Exp2_Weather_WeatherLags_Only_96h_Price,DK1,TARGET_Price_96h,"['Weather', 'WeatherLags', 'Time']",SUCCESS,86.8414,45.9915,-0.0786,60.4475,64.3076,57.8349,400.73,RandomForest
2026-04-02 06:18:52,Exp3_Weather_Prices_96h_Price,DK1,TARGET_Price_96h,"['Weather', 'Prices', 'Time']",SUCCESS,52.1352,28.7698,0.6112,37.8128,42.7349,69.0955,24.37,XGBoost
2026-04-02 06:18:52,Exp3_Weather_Prices_96h_Price,DK1,TARGET_Price_96h,"['Weather', 'Prices', 'Time']",SUCCESS,51.8317,28.6909,0.6158,37.7091,42.6978,69.6406,19.24,LightGBM
2026-04-02 06:18:52,Exp3_Weather_Prices_96h_Price,DK1,TARGET_Price_96h,"['Weather', 'Prices', 'Time']",SUCCESS,49.6372,27.6341,0.6476,36.3201,41.5074,65.8132,47.58,CatBoost
2026-04-02 06:18:52,Exp3_Weather_Prices_96h_Price,DK1,TARGET_Price_96h,"['Weather', 'Prices', 'Time']",SUCCESS,52.3641,29.2526,0.6078,38.4473,43.1474,66.1277,304.26,RandomForest
2026-04-02 06:29:10,Exp4_Weather_WeatherLags_Prices_96h_Price,DK1,TARGET_Price_96h,"['Weather', 'WeatherLags', 'Prices', 'Time']",SUCCESS,52.5107,28.7505,0.6056,37.7874,42.6261,68.9068,35.18,XGBoost
2026-04-02 06:29:10,Exp4_Weather_WeatherLags_Prices_96h_Price,DK1,TARGET_Price_96h,"['Weather', 'WeatherLags', 'Prices', 'Time']",SUCCESS,51.7526,28.5907,0.6169,37.5773,42.5961,69.3484,24.8,LightGBM
2026-04-02 06:29:10,Exp4_Weather_WeatherLags_Prices_96h_Price,DK1,TARGET_Price_96h,"['Weather', 'WeatherLags', 'Prices', 'Time']",SUCCESS,49.7412,27.5709,0.6461,36.2369,41.3649,66.032,57.52,CatBoost
2026-04-02 06:29:10,Exp4_Weather_WeatherLags_Prices_96h_Price,DK1,TARGET_Price_96h,"['Weather', 'WeatherLags', 'Prices', 'Time']",SUCCESS,52.9147,29.4684,0.5995,38.731,43.3196,66.298,493.84,RandomForest
2026-04-02 06:39:26,Exp5_Weather_Grid_96h_Price,DK1,TARGET_Price_96h,"['Weather', 'Grid', 'GridExchange', 'Time']",SUCCESS,64.0183,34.9311,0.4138,45.9107,48.5824,67.3083,34.43,XGBoost
2026-04-02 06:39:27,Exp5_Weather_Grid_96h_Price,DK1,TARGET_Price_96h,"['Weather', 'Grid', 'GridExchange', 'Time']",SUCCESS,62.7534,34.0971,0.4368,44.8144,48.1001,68.0866,27.31,LightGBM
2026-04-02 06:39:27,Exp5_Weather_Grid_96h_Price,DK1,TARGET_Price_96h,"['Weather', 'Grid', 'GridExchange', 'Time']",SUCCESS,61.0611,32.1311,0.4667,42.2305,46.2231,61.9413,57.82,CatBoost
2026-04-02 06:39:27,Exp5_Weather_Grid_96h_Price,DK1,TARGET_Price_96h,"['Weather', 'Grid', 'GridExchange', 'Time']",SUCCESS,69.2101,37.3667,0.3149,49.1118,51.1327,61.1145,489.72,RandomForest
2026-04-02 06:53:09,Exp6_Weather_WeatherLags_Grid_96h_Price,DK1,TARGET_Price_96h,"['Weather', 'WeatherLags', 'Grid', 'GridExchange', 'Time']",SUCCESS,64.0777,34.948,0.4127,45.9329,48.7821,67.3934,46.23,XGBoost
2026-04-02 06:53:09,Exp6_Weather_WeatherLags_Grid_96h_Price,DK1,TARGET_Price_96h,"['Weather', 'WeatherLags', 'Grid', 'GridExchange', 'Time']",SUCCESS,63.3017,34.2556,0.4269,45.0228,48.1666,67.9962,32.12,LightGBM
2026-04-02 06:53:09,Exp6_Weather_WeatherLags_Grid_96h_Price,DK1,TARGET_Price_96h,"['Weather', 'WeatherLags', 'Grid', 'GridExchange', 'Time']",SUCCESS,60.5307,31.998,0.476,42.0556,46.3458,60.6638,65.0,CatBoost
2026-04-02 06:53:09,Exp6_Weather_WeatherLags_Grid_96h_Price,DK1,TARGET_Price_96h,"['Weather', 'WeatherLags', 'Grid', 'GridExchange', 'Time']",SUCCESS,68.6136,37.2435,0.3267,48.9499,51.1299,60.652,670.65,RandomForest
2026-04-02 07:05:10,Exp7_Weather_Grid_Prices_96h_Price,DK1,TARGET_Price_96h,"['Weather', 'Grid', 'GridExchange', 'Prices', 'Time']",SUCCESS,51.0335,28.7281,0.6275,37.7579,42.8751,68.1704,39.77,XGBoost
2026-04-02 07:05:10,Exp7_Weather_Grid_Prices_96h_Price,DK1,TARGET_Price_96h,"['Weather', 'Grid', 'GridExchange', 'Prices', 'Time']",SUCCESS,51.4113,28.8532,0.622,37.9224,42.8043,68.7037,28.51,LightGBM
2026-04-02 07:05:10,Exp7_Weather_Grid_Prices_96h_Price,DK1,TARGET_Price_96h,"['Weather', 'Grid', 'GridExchange', 'Prices', 'Time']",SUCCESS,48.4508,27.1805,0.6643,35.7238,40.9848,65.2446,59.83,CatBoost
2026-04-02 07:05:10,Exp7_Weather_Grid_Prices_96h_Price,DK1,TARGET_Price_96h,"['Weather', 'Grid', 'GridExchange', 'Prices', 'Time']",SUCCESS,53.3987,30.2503,0.5922,39.7586,43.725,64.896,584.21,RandomForest
2026-04-02 07:20:49,Exp8_Weather_WeatherLags_Grid_Prices_96h_Price,DK1,TARGET_Price_96h,"['Weather', 'WeatherLags', 'Grid', 'GridExchange', 'Prices', 'Time']",SUCCESS,50.9589,28.5596,0.6286,37.5364,42.6835,68.2504,50.96,XGBoost
2026-04-02 07:20:49,Exp8_Weather_WeatherLags_Grid_Prices_96h_Price,DK1,TARGET_Price_96h,"['Weather', 'WeatherLags', 'Grid', 'GridExchange', 'Prices', 'Time']",SUCCESS,51.1156,28.666,0.6263,37.6762,42.7786,68.8688,33.7,LightGBM
2026-04-02 07:20:49,Exp8_Weather_WeatherLags_Grid_Prices_96h_Price,DK1,TARGET_Price_96h,"['Weather', 'WeatherLags', 'Grid', 'GridExchange', 'Prices', 'Time']",SUCCESS,49.3458,27.5083,0.6517,36.1547,41.3016,65.5643,68.3,CatBoost
2026-04-02 07:20:49,Exp8_Weather_WeatherLags_Grid_Prices_96h_Price,DK1,TARGET_Price_96h,"['Weather', 'WeatherLags', 'Grid', 'GridExchange', 'Prices', 'Time']",SUCCESS,53.9339,30.3188,0.584,39.8486,43.781,64.8842,777.52,RandomForest
2026-04-02 07:36:07,Exp9_Weather_Grid_Gridlags_96h_Price,DK1,TARGET_Price_96h,"['Weather', 'Grid', 'GridExchange', 'GridLags', 'GridExchangeLags', 'Time']",SUCCESS,64.1408,34.319,0.4116,45.1061,47.8216,66.8837,50.22,XGBoost
2026-04-02 07:36:07,Exp9_Weather_Grid_Gridlags_96h_Price,DK1,TARGET_Price_96h,"['Weather', 'Grid', 'GridExchange', 'GridLags', 'GridExchangeLags', 'Time']",SUCCESS,62.8638,33.7892,0.4348,44.4099,47.8299,67.5874,36.15,LightGBM
2026-04-02 07:36:07,Exp9_Weather_Grid_Gridlags_96h_Price,DK1,TARGET_Price_96h,"['Weather', 'Grid', 'GridExchange', 'GridLags', 'GridExchangeLags', 'Time']",SUCCESS,61.1439,32.0549,0.4653,42.1304,46.1256,61.5404,68.63,CatBoost
2026-04-02 07:36:07,Exp9_Weather_Grid_Gridlags_96h_Price,DK1,TARGET_Price_96h,"['Weather', 'Grid', 'GridExchange', 'GridLags', 'GridExchangeLags', 'Time']",SUCCESS,66.6147,36.0292,0.3653,47.3539,50.476,61.6662,753.24,RandomForest
2026-04-02 07:54:55,Exp10_Weather_WeatherLags_Grid_Gridlags_96h_Price,DK1,TARGET_Price_96h,"['Weather', 'WeatherLags', 'Grid', 'GridExchange', 'GridLags', 'GridExchangeLags', 'Time']",SUCCESS,63.4784,33.9578,0.4237,44.6314,47.7944,67.0659,61.96,XGBoost
2026-04-02 07:54:55,Exp10_Weather_WeatherLags_Grid_Gridlags_96h_Price,DK1,TARGET_Price_96h,"['Weather', 'WeatherLags', 'Grid', 'GridExchange', 'GridLags', 'GridExchangeLags', 'Time']",SUCCESS,63.0078,33.9317,0.4322,44.5971,47.9371,67.6922,41.33,LightGBM
2026-04-02 07:54:55,Exp10_Weather_WeatherLags_Grid_Gridlags_96h_Price,DK1,TARGET_Price_96h,"['Weather', 'WeatherLags', 'Grid', 'GridExchange', 'GridLags', 'GridExchangeLags', 'Time']",SUCCESS,61.4262,32.1789,0.4603,42.2934,46.2256,61.1303,76.1,CatBoost
2026-04-02 07:54:55,Exp10_Weather_WeatherLags_Grid_Gridlags_96h_Price,DK1,TARGET_Price_96h,"['Weather', 'WeatherLags', 'Grid', 'GridExchange', 'GridLags', 'GridExchangeLags', 'Time']",SUCCESS,66.93,36.2065,0.3593,47.5869,50.6494,61.3923,936.85,RandomForest
2026-04-02 08:12:07,Exp11_Weather_Grid_Gridlags_Prices_96h_Price,DK1,TARGET_Price_96h,"['Weather', 'Grid', 'GridExchange', 'GridLags', 'GridExchangeLags', 'Prices', 'Time']",SUCCESS,51.168,28.5825,0.6255,37.5666,42.5667,67.8914,55.11,XGBoost
2026-04-02 08:12:07,Exp11_Weather_Grid_Gridlags_Prices_96h_Price,DK1,TARGET_Price_96h,"['Weather', 'Grid', 'GridExchange', 'GridLags', 'GridExchangeLags', 'Prices', 'Time']",SUCCESS,51.2954,28.7192,0.6237,37.7462,42.6461,68.7011,38.19,LightGBM
2026-04-02 08:12:07,Exp11_Weather_Grid_Gridlags_Prices_96h_Price,DK1,TARGET_Price_96h,"['Weather', 'Grid', 'GridExchange', 'GridLags', 'GridExchangeLags', 'Prices', 'Time']",SUCCESS,48.9144,27.2603,0.6578,35.8288,41.0271,65.1725,72.06,CatBoost
2026-04-02 08:12:07,Exp11_Weather_Grid_Gridlags_Prices_96h_Price,DK1,TARGET_Price_96h,"['Weather', 'Grid', 'GridExchange', 'GridLags', 'GridExchangeLags', 'Prices', 'Time']",SUCCESS,53.8541,30.2911,0.5852,39.8122,43.6542,65.1869,856.19,RandomForest
2026-04-02 08:32:54,Exp12_Weather_WeatherLags_Grid_Gridlags_Prices_96h_Price,DK1,TARGET_Price_96h,"['Weather', 'WeatherLags', 'Grid', 'GridExchange', 'GridLags', 'GridExchangeLags', 'Prices', 'Time']",SUCCESS,51.3985,28.5176,0.6222,37.4812,42.4769,68.118,67.12,XGBoost
2026-04-02 08:32:54,Exp12_Weather_WeatherLags_Grid_Gridlags_Prices_96h_Price,DK1,TARGET_Price_96h,"['Weather', 'WeatherLags', 'Grid', 'GridExchange', 'GridLags', 'GridExchangeLags', 'Prices', 'Time']",SUCCESS,51.7806,28.7317,0.6165,37.7626,42.6249,68.7679,43.28,LightGBM
2026-04-02 08:32:54,Exp12_Weather_WeatherLags_Grid_Gridlags_Prices_96h_Price,DK1,TARGET_Price_96h,"['Weather', 'WeatherLags', 'Grid', 'GridExchange', 'GridLags', 'GridExchangeLags', 'Prices', 'Time']",SUCCESS,49.7006,27.4337,0.6467,36.0567,41.1114,65.1279,79.58,CatBoost
2026-04-02 08:32:54,Exp12_Weather_WeatherLags_Grid_Gridlags_Prices_96h_Price,DK1,TARGET_Price_96h,"['Weather', 'WeatherLags', 'Grid', 'GridExchange', 'GridLags', 'GridExchangeLags', 'Prices', 'Time']",SUCCESS,54.0026,30.2599,0.5829,39.7712,43.7066,64.9118,1045.81,RandomForest
2026-04-02 08:54:10,Exp13_Total_Information_96h_Price,DK1,TARGET_Price_96h,['All_Features'],SUCCESS,51.304,28.3996,0.6235,37.3261,42.2735,68.3133,67.14,XGBoost
2026-04-02 08:54:10,Exp13_Total_Information_96h_Price,DK1,TARGET_Price_96h,['All_Features'],SUCCESS,50.8421,28.5238,0.6303,37.4894,42.492,69.0981,42.94,LightGBM
2026-04-02 08:54:10,Exp13_Total_Information_96h_Price,DK1,TARGET_Price_96h,['All_Features'],SUCCESS,49.2345,27.3505,0.6533,35.9473,41.0174,65.3573,79.43,CatBoost
2026-04-02 08:54:10,Exp13_Total_Information_96h_Price,DK1,TARGET_Price_96h,['All_Features'],SUCCESS,53.5579,29.9289,0.5897,39.3361,43.4785,65.5446,1073.93,RandomForest
2026-04-02 08:59:13,Exp1_Weather_Only_120h_Price,DK1,TARGET_Price_120h,"['Weather', 'Time']",SUCCESS,86.7957,45.8411,-0.0775,60.2401,64.9154,66.606,19.93,XGBoost
2026-04-02 08:59:13,Exp1_Weather_Only_120h_Price,DK1,TARGET_Price_120h,"['Weather', 'Time']",SUCCESS,87.091,45.9262,-0.0849,60.3518,64.7266,67.3043,17.51,LightGBM
2026-04-02 08:59:13,Exp1_Weather_Only_120h_Price,DK1,TARGET_Price_120h,"['Weather', 'Time']",SUCCESS,84.9923,43.7725,-0.0332,57.5217,60.1263,52.0735,45.79,CatBoost
2026-04-02 08:59:13,Exp1_Weather_Only_120h_Price,DK1,TARGET_Price_120h,"['Weather', 'Time']",SUCCESS,87.5867,46.4567,-0.0973,61.049,65.0926,58.2686,215.48,RandomForest
2026-04-02 09:07:47,Exp2_Weather_WeatherLags_Only_120h_Price,DK1,TARGET_Price_120h,"['Weather', 'WeatherLags', 'Time']",SUCCESS,85.9179,45.3764,-0.0558,59.6294,64.0264,65.9652,30.34,XGBoost
2026-04-02 09:07:47,Exp2_Weather_WeatherLags_Only_120h_Price,DK1,TARGET_Price_120h,"['Weather', 'WeatherLags', 'Time']",SUCCESS,86.2888,45.5457,-0.065,59.8519,63.8336,66.5994,22.41,LightGBM
2026-04-02 09:07:47,Exp2_Weather_WeatherLags_Only_120h_Price,DK1,TARGET_Price_120h,"['Weather', 'WeatherLags', 'Time']",SUCCESS,84.4405,43.4347,-0.0198,57.0778,59.4772,48.6275,53.65,CatBoost
2026-04-02 09:07:47,Exp2_Weather_WeatherLags_Only_120h_Price,DK1,TARGET_Price_120h,"['Weather', 'WeatherLags', 'Time']",SUCCESS,86.5664,45.8917,-0.0718,60.3065,64.3233,57.7091,401.62,RandomForest
2026-04-02 09:14:25,Exp3_Weather_Prices_120h_Price,DK1,TARGET_Price_120h,"['Weather', 'Prices', 'Time']",SUCCESS,51.8398,28.7602,0.6156,37.794,42.6865,69.389,24.44,XGBoost
2026-04-02 09:14:25,Exp3_Weather_Prices_120h_Price,DK1,TARGET_Price_120h,"['Weather', 'Prices', 'Time']",SUCCESS,51.7066,28.5999,0.6176,37.5833,42.4894,69.6642,18.97,LightGBM
2026-04-02 09:14:25,Exp3_Weather_Prices_120h_Price,DK1,TARGET_Price_120h,"['Weather', 'Prices', 'Time']",SUCCESS,49.9702,27.7125,0.6428,36.4172,41.4997,65.1188,48.48,CatBoost
2026-04-02 09:14:25,Exp3_Weather_Prices_120h_Price,DK1,TARGET_Price_120h,"['Weather', 'Prices', 'Time']",SUCCESS,52.2527,29.3792,0.6095,38.6074,43.2195,66.4697,300.98,RandomForest
2026-04-02 09:24:43,Exp4_Weather_WeatherLags_Prices_120h_Price,DK1,TARGET_Price_120h,"['Weather', 'WeatherLags', 'Prices', 'Time']",SUCCESS,52.5328,28.8393,0.6053,37.8979,42.4434,69.4886,35.3,XGBoost
2026-04-02 09:24:43,Exp4_Weather_WeatherLags_Prices_120h_Price,DK1,TARGET_Price_120h,"['Weather', 'WeatherLags', 'Prices', 'Time']",SUCCESS,51.7438,28.6028,0.617,37.5871,42.3435,69.676,24.37,LightGBM
2026-04-02 09:24:43,Exp4_Weather_WeatherLags_Prices_120h_Price,DK1,TARGET_Price_120h,"['Weather', 'WeatherLags', 'Prices', 'Time']",SUCCESS,50.2708,27.8274,0.6385,36.5681,41.4337,65.6534,56.69,CatBoost
2026-04-02 09:24:43,Exp4_Weather_WeatherLags_Prices_120h_Price,DK1,TARGET_Price_120h,"['Weather', 'WeatherLags', 'Prices', 'Time']",SUCCESS,52.6604,29.5075,0.6034,38.776,43.1653,66.5352,495.16,RandomForest
2026-04-02 09:34:54,Exp5_Weather_Grid_120h_Price,DK1,TARGET_Price_120h,"['Weather', 'Grid', 'GridExchange', 'Time']",SUCCESS,67.2837,36.1963,0.3525,47.5657,49.5062,67.1222,34.63,XGBoost
2026-04-02 09:34:54,Exp5_Weather_Grid_120h_Price,DK1,TARGET_Price_120h,"['Weather', 'Grid', 'GridExchange', 'Time']",SUCCESS,64.6668,34.7547,0.4019,45.6714,48.5885,67.6241,26.58,LightGBM
2026-04-02 09:34:54,Exp5_Weather_Grid_120h_Price,DK1,TARGET_Price_120h,"['Weather', 'Grid', 'GridExchange', 'Time']",SUCCESS,61.3606,32.2713,0.4615,42.4079,46.5468,61.4395,57.43,CatBoost
2026-04-02 09:34:54,Exp5_Weather_Grid_120h_Price,DK1,TARGET_Price_120h,"['Weather', 'Grid', 'GridExchange', 'Time']",SUCCESS,72.5068,38.4889,0.2481,50.5784,51.7623,60.3795,484.59,RandomForest
2026-04-02 09:48:45,Exp6_Weather_WeatherLags_Grid_120h_Price,DK1,TARGET_Price_120h,"['Weather', 'WeatherLags', 'Grid', 'GridExchange', 'Time']",SUCCESS,67.0935,36.1731,0.3561,47.5353,49.3941,67.4039,46.19,XGBoost
2026-04-02 09:48:45,Exp6_Weather_WeatherLags_Grid_120h_Price,DK1,TARGET_Price_120h,"['Weather', 'WeatherLags', 'Grid', 'GridExchange', 'Time']",SUCCESS,63.9546,34.372,0.415,45.1684,48.2367,67.8062,32.15,LightGBM
2026-04-02 09:48:45,Exp6_Weather_WeatherLags_Grid_120h_Price,DK1,TARGET_Price_120h,"['Weather', 'WeatherLags', 'Grid', 'GridExchange', 'Time']",SUCCESS,61.983,32.5171,0.4505,42.7309,46.7654,60.1279,66.57,CatBoost
2026-04-02 09:48:45,Exp6_Weather_WeatherLags_Grid_120h_Price,DK1,TARGET_Price_120h,"['Weather', 'WeatherLags', 'Grid', 'GridExchange', 'Time']",SUCCESS,72.083,38.3106,0.2568,50.3441,51.4908,60.2131,677.77,RandomForest
2026-04-02 10:00:33,Exp7_Weather_Grid_Prices_120h_Price,DK1,TARGET_Price_120h,"['Weather', 'Grid', 'GridExchange', 'Prices', 'Time']",SUCCESS,51.6464,28.6772,0.6185,37.6848,42.5633,68.4128,39.31,XGBoost
2026-04-02 10:00:33,Exp7_Weather_Grid_Prices_120h_Price,DK1,TARGET_Price_120h,"['Weather', 'Grid', 'GridExchange', 'Prices', 'Time']",SUCCESS,51.2339,28.6775,0.6246,37.6853,42.6036,68.9566,28.26,LightGBM
2026-04-02 10:00:33,Exp7_Weather_Grid_Prices_120h_Price,DK1,TARGET_Price_120h,"['Weather', 'Grid', 'GridExchange', 'Prices', 'Time']",SUCCESS,49.6988,27.5513,0.6467,36.2053,41.2203,65.825,58.76,CatBoost
2026-04-02 10:00:33,Exp7_Weather_Grid_Prices_120h_Price,DK1,TARGET_Price_120h,"['Weather', 'Grid', 'GridExchange', 'Prices', 'Time']",SUCCESS,53.1929,30.0573,0.5953,39.4984,43.6046,65.5669,573.99,RandomForest
2026-04-02 10:16:17,Exp8_Weather_WeatherLags_Grid_Prices_120h_Price,DK1,TARGET_Price_120h,"['Weather', 'WeatherLags', 'Grid', 'GridExchange', 'Prices', 'Time']",SUCCESS,52.0795,28.7983,0.6121,37.8441,42.5918,68.6395,51.04,XGBoost
2026-04-02 10:16:17,Exp8_Weather_WeatherLags_Grid_Prices_120h_Price,DK1,TARGET_Price_120h,"['Weather', 'WeatherLags', 'Grid', 'GridExchange', 'Prices', 'Time']",SUCCESS,51.9669,28.9684,0.6137,38.0675,42.7365,69.0457,34.2,LightGBM
2026-04-02 10:16:17,Exp8_Weather_WeatherLags_Grid_Prices_120h_Price,DK1,TARGET_Price_120h,"['Weather', 'WeatherLags', 'Grid', 'GridExchange', 'Prices', 'Time']",SUCCESS,49.6648,27.5916,0.6472,36.2583,41.4121,65.2053,69.99,CatBoost
2026-04-02 10:16:17,Exp8_Weather_WeatherLags_Grid_Prices_120h_Price,DK1,TARGET_Price_120h,"['Weather', 'WeatherLags', 'Grid', 'GridExchange', 'Prices', 'Time']",SUCCESS,53.7686,30.1254,0.5865,39.5879,43.4148,65.3952,779.42,RandomForest
2026-04-02 10:31:46,Exp9_Weather_Grid_Gridlags_120h_Price,DK1,TARGET_Price_120h,"['Weather', 'Grid', 'GridExchange', 'GridLags', 'GridExchangeLags', 'Time']",SUCCESS,64.5013,34.8833,0.4049,45.8403,48.5306,66.682,52.25,XGBoost
2026-04-02 10:31:46,Exp9_Weather_Grid_Gridlags_120h_Price,DK1,TARGET_Price_120h,"['Weather', 'Grid', 'GridExchange', 'GridLags', 'GridExchangeLags', 'Time']",SUCCESS,64.4885,34.6601,0.4052,45.547,48.2582,67.8206,36.47,LightGBM
2026-04-02 10:31:46,Exp9_Weather_Grid_Gridlags_120h_Price,DK1,TARGET_Price_120h,"['Weather', 'Grid', 'GridExchange', 'GridLags', 'GridExchangeLags', 'Time']",SUCCESS,61.7185,32.2365,0.4552,42.3622,46.3643,59.5723,68.29,CatBoost
2026-04-02 10:31:46,Exp9_Weather_Grid_Gridlags_120h_Price,DK1,TARGET_Price_120h,"['Weather', 'Grid', 'GridExchange', 'GridLags', 'GridExchangeLags', 'Time']",SUCCESS,68.7484,36.8852,0.324,48.471,50.5472,61.5168,761.41,RandomForest
2026-04-02 10:50:42,Exp10_Weather_WeatherLags_Grid_Gridlags_120h_Price,DK1,TARGET_Price_120h,"['Weather', 'WeatherLags', 'Grid', 'GridExchange', 'GridLags', 'GridExchangeLags', 'Time']",SUCCESS,64.907,34.8412,0.3974,45.785,48.3001,67.0108,62.51,XGBoost
2026-04-02 10:50:42,Exp10_Weather_WeatherLags_Grid_Gridlags_120h_Price,DK1,TARGET_Price_120h,"['Weather', 'WeatherLags', 'Grid', 'GridExchange', 'GridLags', 'GridExchangeLags', 'Time']",SUCCESS,64.183,34.2405,0.4108,44.9956,47.9081,67.4707,42.01,LightGBM
2026-04-02 10:50:42,Exp10_Weather_WeatherLags_Grid_Gridlags_120h_Price,DK1,TARGET_Price_120h,"['Weather', 'WeatherLags', 'Grid', 'GridExchange', 'GridLags', 'GridExchangeLags', 'Time']",SUCCESS,61.4127,32.226,0.4606,42.3484,46.3302,60.3126,77.51,CatBoost
2026-04-02 10:50:42,Exp10_Weather_WeatherLags_Grid_Gridlags_120h_Price,DK1,TARGET_Price_120h,"['Weather', 'WeatherLags', 'Grid', 'GridExchange', 'GridLags', 'GridExchangeLags', 'Time']",SUCCESS,67.7285,36.4767,0.3439,47.9342,50.3718,61.5509,943.43,RandomForest
2026-04-02 11:07:54,Exp11_Weather_Grid_Gridlags_Prices_120h_Price,DK1,TARGET_Price_120h,"['Weather', 'Grid', 'GridExchange', 'GridLags', 'GridExchangeLags', 'Prices', 'Time']",SUCCESS,52.2071,28.785,0.6102,37.8266,42.4398,68.1036,54.73,XGBoost
2026-04-02 11:07:54,Exp11_Weather_Grid_Gridlags_Prices_120h_Price,DK1,TARGET_Price_120h,"['Weather', 'Grid', 'GridExchange', 'GridLags', 'GridExchangeLags', 'Prices', 'Time']",SUCCESS,52.0551,28.88,0.6124,37.9513,42.5414,68.8099,38.03,LightGBM
2026-04-02 11:07:54,Exp11_Weather_Grid_Gridlags_Prices_120h_Price,DK1,TARGET_Price_120h,"['Weather', 'Grid', 'GridExchange', 'GridLags', 'GridExchangeLags', 'Prices', 'Time']",SUCCESS,49.9269,27.6371,0.6435,36.3181,41.3116,65.3782,71.19,CatBoost
2026-04-02 11:07:54,Exp11_Weather_Grid_Gridlags_Prices_120h_Price,DK1,TARGET_Price_120h,"['Weather', 'Grid', 'GridExchange', 'GridLags', 'GridExchangeLags', 'Prices', 'Time']",SUCCESS,53.7641,29.9868,0.5866,39.4058,43.1378,65.8656,856.67,RandomForest
2026-04-02 11:28:36,Exp12_Weather_WeatherLags_Grid_Gridlags_Prices_120h_Price,DK1,TARGET_Price_120h,"['Weather', 'WeatherLags', 'Grid', 'GridExchange', 'GridLags', 'GridExchangeLags', 'Prices', 'Time']",SUCCESS,52.4492,28.8445,0.6065,37.9048,42.3143,68.5308,66.77,XGBoost
2026-04-02 11:28:36,Exp12_Weather_WeatherLags_Grid_Gridlags_Prices_120h_Price,DK1,TARGET_Price_120h,"['Weather', 'WeatherLags', 'Grid', 'GridExchange', 'GridLags', 'GridExchangeLags', 'Prices', 'Time']",SUCCESS,52.0329,28.8299,0.6128,37.8855,42.4446,69.0392,42.6,LightGBM
2026-04-02 11:28:36,Exp12_Weather_WeatherLags_Grid_Gridlags_Prices_120h_Price,DK1,TARGET_Price_120h,"['Weather', 'WeatherLags', 'Grid', 'GridExchange', 'GridLags', 'GridExchangeLags', 'Prices', 'Time']",SUCCESS,49.8766,27.577,0.6442,36.2391,41.2111,65.4228,80.23,CatBoost
2026-04-02 11:28:36,Exp12_Weather_WeatherLags_Grid_Gridlags_Prices_120h_Price,DK1,TARGET_Price_120h,"['Weather', 'WeatherLags', 'Grid', 'GridExchange', 'GridLags', 'GridExchangeLags', 'Prices', 'Time']",SUCCESS,53.7674,29.9133,0.5865,39.3092,43.0725,65.7123,1041.27,RandomForest
2026-04-02 11:49:34,Exp13_Total_Information_120h_Price,DK1,TARGET_Price_120h,['All_Features'],SUCCESS,51.9035,28.5494,0.6147,37.517,42.1461,68.0512,66.79,XGBoost
2026-04-02 11:49:34,Exp13_Total_Information_120h_Price,DK1,TARGET_Price_120h,['All_Features'],SUCCESS,52.0468,28.7616,0.6125,37.7958,42.3822,69.1689,43.56,LightGBM
2026-04-02 11:49:34,Exp13_Total_Information_120h_Price,DK1,TARGET_Price_120h,['All_Features'],SUCCESS,50.2726,27.6382,0.6385,36.3196,41.1822,65.1974,80.77,CatBoost
2026-04-02 11:49:34,Exp13_Total_Information_120h_Price,DK1,TARGET_Price_120h,['All_Features'],SUCCESS,53.446,29.7239,0.5914,39.0603,42.7824,65.8918,1054.81,RandomForest
2026-04-02 11:54:39,Exp1_Weather_Only_144h_Price,DK1,TARGET_Price_144h,"['Weather', 'Time']",SUCCESS,86.6801,45.8154,-0.0747,60.1917,64.8231,66.7278,20.81,XGBoost
2026-04-02 11:54:39,Exp1_Weather_Only_144h_Price,DK1,TARGET_Price_144h,"['Weather', 'Time']",SUCCESS,86.9219,45.8758,-0.0807,60.2711,64.6211,67.3541,19.23,LightGBM
2026-04-02 11:54:39,Exp1_Weather_Only_144h_Price,DK1,TARGET_Price_144h,"['Weather', 'Time']",SUCCESS,84.897,43.7198,-0.031,57.4386,60.1455,51.0384,45.33,CatBoost
2026-04-02 11:54:39,Exp1_Weather_Only_144h_Price,DK1,TARGET_Price_144h,"['Weather', 'Time']",SUCCESS,87.7272,46.4592,-0.1008,61.0376,64.9915,58.0275,214.58,RandomForest
2026-04-02 12:03:11,Exp2_Weather_WeatherLags_Only_144h_Price,DK1,TARGET_Price_144h,"['Weather', 'WeatherLags', 'Time']",SUCCESS,85.8617,45.3972,-0.0545,59.6424,63.9373,66.2784,30.79,XGBoost
2026-04-02 12:03:11,Exp2_Weather_WeatherLags_Only_144h_Price,DK1,TARGET_Price_144h,"['Weather', 'WeatherLags', 'Time']",SUCCESS,86.3507,45.6487,-0.0666,59.9728,63.9944,66.7488,21.74,LightGBM
2026-04-02 12:03:11,Exp2_Weather_WeatherLags_Only_144h_Price,DK1,TARGET_Price_144h,"['Weather', 'WeatherLags', 'Time']",SUCCESS,84.3466,43.4735,-0.0176,57.115,59.7904,50.5169,54.27,CatBoost
2026-04-02 12:03:11,Exp2_Weather_WeatherLags_Only_144h_Price,DK1,TARGET_Price_144h,"['Weather', 'WeatherLags', 'Time']",SUCCESS,86.8953,45.9665,-0.0801,60.3903,64.1337,58.0367,399.37,RandomForest
2026-04-02 12:09:50,Exp3_Weather_Prices_144h_Price,DK1,TARGET_Price_144h,"['Weather', 'Prices', 'Time']",SUCCESS,52.2617,28.8464,0.6093,37.898,42.5128,69.6144,24.38,XGBoost
2026-04-02 12:09:50,Exp3_Weather_Prices_144h_Price,DK1,TARGET_Price_144h,"['Weather', 'Prices', 'Time']",SUCCESS,51.9697,28.7055,0.6137,37.7129,42.378,70.3888,18.57,LightGBM
2026-04-02 12:09:50,Exp3_Weather_Prices_144h_Price,DK1,TARGET_Price_144h,"['Weather', 'Prices', 'Time']",SUCCESS,50.4287,27.9952,0.6362,36.7798,41.538,66.9689,47.64,CatBoost
2026-04-02 12:09:50,Exp3_Weather_Prices_144h_Price,DK1,TARGET_Price_144h,"['Weather', 'Prices', 'Time']",SUCCESS,53.9166,29.7879,0.5842,39.135,43.0259,66.8051,302.79,RandomForest
2026-04-02 12:20:04,Exp4_Weather_WeatherLags_Prices_144h_Price,DK1,TARGET_Price_144h,"['Weather', 'WeatherLags', 'Prices', 'Time']",SUCCESS,52.3464,28.7889,0.608,37.8226,42.3057,69.6039,35.0,XGBoost
2026-04-02 12:20:04,Exp4_Weather_WeatherLags_Prices_144h_Price,DK1,TARGET_Price_144h,"['Weather', 'WeatherLags', 'Prices', 'Time']",SUCCESS,52.5873,28.8676,0.6044,37.926,42.3118,70.1726,24.14,LightGBM
2026-04-02 12:20:04,Exp4_Weather_WeatherLags_Prices_144h_Price,DK1,TARGET_Price_144h,"['Weather', 'WeatherLags', 'Prices', 'Time']",SUCCESS,50.7566,27.8031,0.6315,36.5275,41.2857,67.1956,57.51,CatBoost
2026-04-02 12:20:04,Exp4_Weather_WeatherLags_Prices_144h_Price,DK1,TARGET_Price_144h,"['Weather', 'WeatherLags', 'Prices', 'Time']",SUCCESS,53.6642,29.5826,0.5881,38.8653,42.7586,66.8038,490.73,RandomForest
2026-04-02 12:30:16,Exp5_Weather_Grid_144h_Price,DK1,TARGET_Price_144h,"['Weather', 'Grid', 'GridExchange', 'Time']",SUCCESS,67.759,36.6232,0.3433,48.1152,49.1989,67.3738,34.55,XGBoost
2026-04-02 12:30:16,Exp5_Weather_Grid_144h_Price,DK1,TARGET_Price_144h,"['Weather', 'Grid', 'GridExchange', 'Time']",SUCCESS,64.2915,34.9243,0.4088,45.8832,48.3149,68.1652,26.53,LightGBM
2026-04-02 12:30:16,Exp5_Weather_Grid_144h_Price,DK1,TARGET_Price_144h,"['Weather', 'Grid', 'GridExchange', 'Time']",SUCCESS,62.2693,32.5995,0.4454,42.8289,46.5511,60.7463,57.74,CatBoost
2026-04-02 12:30:16,Exp5_Weather_Grid_144h_Price,DK1,TARGET_Price_144h,"['Weather', 'Grid', 'GridExchange', 'Time']",SUCCESS,73.9696,39.0633,0.2174,51.321,51.3137,61.7448,485.99,RandomForest
2026-04-02 12:44:06,Exp6_Weather_WeatherLags_Grid_144h_Price,DK1,TARGET_Price_144h,"['Weather', 'WeatherLags', 'Grid', 'GridExchange', 'Time']",SUCCESS,68.5362,36.9714,0.3281,48.5726,49.3644,67.4223,46.12,XGBoost
2026-04-02 12:44:06,Exp6_Weather_WeatherLags_Grid_144h_Price,DK1,TARGET_Price_144h,"['Weather', 'WeatherLags', 'Grid', 'GridExchange', 'Time']",SUCCESS,64.6374,35.0135,0.4024,46.0003,48.3427,67.9818,32.07,LightGBM
2026-04-02 12:44:06,Exp6_Weather_WeatherLags_Grid_144h_Price,DK1,TARGET_Price_144h,"['Weather', 'WeatherLags', 'Grid', 'GridExchange', 'Time']",SUCCESS,61.1815,32.3614,0.4646,42.516,46.5274,61.6806,66.9,CatBoost
2026-04-02 12:44:06,Exp6_Weather_WeatherLags_Grid_144h_Price,DK1,TARGET_Price_144h,"['Weather', 'WeatherLags', 'Grid', 'GridExchange', 'Time']",SUCCESS,74.9447,39.385,0.1966,51.7436,51.6003,61.3425,676.37,RandomForest
2026-04-02 12:56:07,Exp7_Weather_Grid_Prices_144h_Price,DK1,TARGET_Price_144h,"['Weather', 'Grid', 'GridExchange', 'Prices', 'Time']",SUCCESS,52.8203,29.0356,0.6009,38.1467,42.4349,68.1639,38.85,XGBoost
2026-04-02 12:56:07,Exp7_Weather_Grid_Prices_144h_Price,DK1,TARGET_Price_144h,"['Weather', 'Grid', 'GridExchange', 'Prices', 'Time']",SUCCESS,53.0251,29.2711,0.5978,38.4561,42.668,69.0523,28.61,LightGBM
2026-04-02 12:56:07,Exp7_Weather_Grid_Prices_144h_Price,DK1,TARGET_Price_144h,"['Weather', 'Grid', 'GridExchange', 'Prices', 'Time']",SUCCESS,50.2116,27.6714,0.6394,36.3544,41.2186,66.6754,60.79,CatBoost
2026-04-02 12:56:07,Exp7_Weather_Grid_Prices_144h_Price,DK1,TARGET_Price_144h,"['Weather', 'Grid', 'GridExchange', 'Prices', 'Time']",SUCCESS,54.0538,30.1915,0.5821,39.6653,43.4392,65.504,583.78,RandomForest
2026-04-02 13:11:41,Exp8_Weather_WeatherLags_Grid_Prices_144h_Price,DK1,TARGET_Price_144h,"['Weather', 'WeatherLags', 'Grid', 'GridExchange', 'Prices', 'Time']",SUCCESS,54.3394,29.476,0.5776,38.7253,42.7524,68.4954,50.56,XGBoost
2026-04-02 13:11:41,Exp8_Weather_WeatherLags_Grid_Prices_144h_Price,DK1,TARGET_Price_144h,"['Weather', 'WeatherLags', 'Grid', 'GridExchange', 'Prices', 'Time']",SUCCESS,54.2256,29.5389,0.5794,38.8078,42.7159,69.3196,33.47,LightGBM
2026-04-02 13:11:41,Exp8_Weather_WeatherLags_Grid_Prices_144h_Price,DK1,TARGET_Price_144h,"['Weather', 'WeatherLags', 'Grid', 'GridExchange', 'Prices', 'Time']",SUCCESS,51.2194,27.9217,0.6247,36.6832,41.3473,66.6859,69.73,CatBoost
2026-04-02 13:11:41,Exp8_Weather_WeatherLags_Grid_Prices_144h_Price,DK1,TARGET_Price_144h,"['Weather', 'WeatherLags', 'Grid', 'GridExchange', 'Prices', 'Time']",SUCCESS,54.8743,30.0931,0.5693,39.536,43.1276,65.7818,771.18,RandomForest
2026-04-02 13:27:12,Exp9_Weather_Grid_Gridlags_144h_Price,DK1,TARGET_Price_144h,"['Weather', 'Grid', 'GridExchange', 'GridLags', 'GridExchangeLags', 'Time']",SUCCESS,64.4076,35.0933,0.4066,46.1052,48.3109,66.6151,49.81,XGBoost
2026-04-02 13:27:12,Exp9_Weather_Grid_Gridlags_144h_Price,DK1,TARGET_Price_144h,"['Weather', 'Grid', 'GridExchange', 'GridLags', 'GridExchangeLags', 'Time']",SUCCESS,64.4022,35.0226,0.4067,46.0123,48.4001,67.5992,35.85,LightGBM
2026-04-02 13:27:12,Exp9_Weather_Grid_Gridlags_144h_Price,DK1,TARGET_Price_144h,"['Weather', 'Grid', 'GridExchange', 'GridLags', 'GridExchangeLags', 'Time']",SUCCESS,61.9247,32.4472,0.4515,42.6288,46.3564,62.2584,69.57,CatBoost
2026-04-02 13:27:12,Exp9_Weather_Grid_Gridlags_144h_Price,DK1,TARGET_Price_144h,"['Weather', 'Grid', 'GridExchange', 'GridLags', 'GridExchangeLags', 'Time']",SUCCESS,66.8434,36.7041,0.3609,48.2215,50.171,63.27,765.23,RandomForest
2026-04-02 13:46:08,Exp10_Weather_WeatherLags_Grid_Gridlags_144h_Price,DK1,TARGET_Price_144h,"['Weather', 'WeatherLags', 'Grid', 'GridExchange', 'GridLags', 'GridExchangeLags', 'Time']",SUCCESS,65.0144,35.3565,0.3954,46.451,48.5491,66.9427,61.58,XGBoost
2026-04-02 13:46:08,Exp10_Weather_WeatherLags_Grid_Gridlags_144h_Price,DK1,TARGET_Price_144h,"['Weather', 'WeatherLags', 'Grid', 'GridExchange', 'GridLags', 'GridExchangeLags', 'Time']",SUCCESS,64.3857,34.7788,0.407,45.692,48.2725,67.3764,41.27,LightGBM
2026-04-02 13:46:08,Exp10_Weather_WeatherLags_Grid_Gridlags_144h_Price,DK1,TARGET_Price_144h,"['Weather', 'WeatherLags', 'Grid', 'GridExchange', 'GridLags', 'GridExchangeLags', 'Time']",SUCCESS,61.9643,32.4833,0.4508,42.6761,46.4372,62.0488,78.61,CatBoost
2026-04-02 13:46:08,Exp10_Weather_WeatherLags_Grid_Gridlags_144h_Price,DK1,TARGET_Price_144h,"['Weather', 'WeatherLags', 'Grid', 'GridExchange', 'GridLags', 'GridExchangeLags', 'Time']",SUCCESS,66.8484,36.5943,0.3608,48.0771,49.9984,63.1887,942.98,RandomForest
2026-04-02 14:03:24,Exp11_Weather_Grid_Gridlags_Prices_144h_Price,DK1,TARGET_Price_144h,"['Weather', 'Grid', 'GridExchange', 'GridLags', 'GridExchangeLags', 'Prices', 'Time']",SUCCESS,53.2946,29.3972,0.5937,38.6217,42.6549,68.4011,53.9,XGBoost
2026-04-02 14:03:24,Exp11_Weather_Grid_Gridlags_Prices_144h_Price,DK1,TARGET_Price_144h,"['Weather', 'Grid', 'GridExchange', 'GridLags', 'GridExchangeLags', 'Prices', 'Time']",SUCCESS,52.9458,29.3199,0.599,38.5202,42.7136,69.0405,37.35,LightGBM
2026-04-02 14:03:24,Exp11_Weather_Grid_Gridlags_Prices_144h_Price,DK1,TARGET_Price_144h,"['Weather', 'Grid', 'GridExchange', 'GridLags', 'GridExchangeLags', 'Prices', 'Time']",SUCCESS,50.6163,27.6753,0.6335,36.3595,41.0181,65.7779,73.11,CatBoost
2026-04-02 14:03:24,Exp11_Weather_Grid_Gridlags_Prices_144h_Price,DK1,TARGET_Price_144h,"['Weather', 'Grid', 'GridExchange', 'GridLags', 'GridExchangeLags', 'Prices', 'Time']",SUCCESS,53.8735,29.9534,0.5848,39.3524,43.1181,65.9233,860.69,RandomForest
2026-04-02 14:24:16,Exp12_Weather_WeatherLags_Grid_Gridlags_Prices_144h_Price,DK1,TARGET_Price_144h,"['Weather', 'WeatherLags', 'Grid', 'GridExchange', 'GridLags', 'GridExchangeLags', 'Prices', 'Time']",SUCCESS,53.8783,29.4308,0.5848,38.6658,42.6159,68.3434,65.76,XGBoost
2026-04-02 14:24:16,Exp12_Weather_WeatherLags_Grid_Gridlags_Prices_144h_Price,DK1,TARGET_Price_144h,"['Weather', 'WeatherLags', 'Grid', 'GridExchange', 'GridLags', 'GridExchangeLags', 'Prices', 'Time']",SUCCESS,54.3547,29.6853,0.5774,39.0003,42.7966,68.992,42.36,LightGBM
2026-04-02 14:24:16,Exp12_Weather_WeatherLags_Grid_Gridlags_Prices_144h_Price,DK1,TARGET_Price_144h,"['Weather', 'WeatherLags', 'Grid', 'GridExchange', 'GridLags', 'GridExchangeLags', 'Prices', 'Time']",SUCCESS,51.5327,27.8667,0.6201,36.6109,41.2046,66.3753,79.82,CatBoost
2026-04-02 14:24:16,Exp12_Weather_WeatherLags_Grid_Gridlags_Prices_144h_Price,DK1,TARGET_Price_144h,"['Weather', 'WeatherLags', 'Grid', 'GridExchange', 'GridLags', 'GridExchangeLags', 'Prices', 'Time']",SUCCESS,54.7314,30.1316,0.5715,39.5866,43.0792,65.6888,1052.15,RandomForest
2026-04-02 14:45:20,Exp13_Total_Information_144h_Price,DK1,TARGET_Price_144h,['All_Features'],SUCCESS,53.4881,29.2421,0.5908,38.4179,42.5118,68.688,66.18,XGBoost
2026-04-02 14:45:20,Exp13_Total_Information_144h_Price,DK1,TARGET_Price_144h,['All_Features'],SUCCESS,54.2462,29.5242,0.5791,38.7885,42.6672,69.1741,42.03,LightGBM
2026-04-02 14:45:20,Exp13_Total_Information_144h_Price,DK1,TARGET_Price_144h,['All_Features'],SUCCESS,51.1862,27.7823,0.6252,36.5001,41.1154,66.4723,81.17,CatBoost
2026-04-02 14:45:20,Exp13_Total_Information_144h_Price,DK1,TARGET_Price_144h,['All_Features'],SUCCESS,54.3692,29.9298,0.5772,39.3214,42.7917,66.526,1061.94,RandomForest
2026-04-02 14:50:26,Exp1_Weather_Only_168h_Price,DK1,TARGET_Price_168h,"['Weather', 'Time']",SUCCESS,86.5918,45.8287,-0.0726,60.1962,64.9164,66.9152,20.22,XGBoost
2026-04-02 14:50:26,Exp1_Weather_Only_168h_Price,DK1,TARGET_Price_168h,"['Weather', 'Time']",SUCCESS,87.3485,46.253,-0.0914,60.7535,65.0476,67.7105,17.34,LightGBM
2026-04-02 14:50:26,Exp1_Weather_Only_168h_Price,DK1,TARGET_Price_168h,"['Weather', 'Time']",SUCCESS,84.8208,43.6638,-0.0291,57.3526,60.03,50.7606,47.04,CatBoost
2026-04-02 14:50:26,Exp1_Weather_Only_168h_Price,DK1,TARGET_Price_168h,"['Weather', 'Time']",SUCCESS,87.7317,46.543,-0.101,61.1344,65.2147,58.5228,216.96,RandomForest
2026-04-02 14:59:07,Exp2_Weather_WeatherLags_Only_168h_Price,DK1,TARGET_Price_168h,"['Weather', 'WeatherLags', 'Time']",SUCCESS,85.7975,45.4017,-0.053,59.6353,64.081,65.9875,30.15,XGBoost
2026-04-02 14:59:07,Exp2_Weather_WeatherLags_Only_168h_Price,DK1,TARGET_Price_168h,"['Weather', 'WeatherLags', 'Time']",SUCCESS,86.5452,45.8028,-0.0714,60.1623,64.0813,66.6335,21.39,LightGBM
2026-04-02 14:59:07,Exp2_Weather_WeatherLags_Only_168h_Price,DK1,TARGET_Price_168h,"['Weather', 'WeatherLags', 'Time']",SUCCESS,84.4295,43.4675,-0.0197,57.0948,59.7418,52.3408,55.84,CatBoost
2026-04-02 14:59:07,Exp2_Weather_WeatherLags_Only_168h_Price,DK1,TARGET_Price_168h,"['Weather', 'WeatherLags', 'Time']",SUCCESS,86.6852,45.9298,-0.0749,60.329,64.349,57.8899,407.27,RandomForest
2026-04-02 15:05:51,Exp3_Weather_Prices_168h_Price,DK1,TARGET_Price_168h,"['Weather', 'Prices', 'Time']",SUCCESS,52.6559,29.0986,0.6034,38.2211,42.7635,69.5725,24.47,XGBoost
2026-04-02 15:05:51,Exp3_Weather_Prices_168h_Price,DK1,TARGET_Price_168h,"['Weather', 'Prices', 'Time']",SUCCESS,52.7543,28.9419,0.6019,38.0153,42.4922,70.3626,18.56,LightGBM
2026-04-02 15:05:51,Exp3_Weather_Prices_168h_Price,DK1,TARGET_Price_168h,"['Weather', 'Prices', 'Time']",SUCCESS,50.4567,27.8228,0.6358,36.5454,41.3205,65.825,50.26,CatBoost
2026-04-02 15:05:51,Exp3_Weather_Prices_168h_Price,DK1,TARGET_Price_168h,"['Weather', 'Prices', 'Time']",SUCCESS,54.1797,29.7697,0.5801,39.1027,42.9227,67.2663,304.9,RandomForest
2026-04-02 15:16:13,Exp4_Weather_WeatherLags_Prices_168h_Price,DK1,TARGET_Price_168h,"['Weather', 'WeatherLags', 'Prices', 'Time']",SUCCESS,53.2703,29.2489,0.5941,38.4186,42.8395,69.7795,35.03,XGBoost
2026-04-02 15:16:13,Exp4_Weather_WeatherLags_Prices_168h_Price,DK1,TARGET_Price_168h,"['Weather', 'WeatherLags', 'Prices', 'Time']",SUCCESS,52.769,29.0081,0.6017,38.1022,42.5354,70.204,24.09,LightGBM
2026-04-02 15:16:13,Exp4_Weather_WeatherLags_Prices_168h_Price,DK1,TARGET_Price_168h,"['Weather', 'WeatherLags', 'Prices', 'Time']",SUCCESS,50.7132,27.7689,0.6321,36.4746,41.2911,66.1421,58.52,CatBoost
2026-04-02 15:16:13,Exp4_Weather_WeatherLags_Prices_168h_Price,DK1,TARGET_Price_168h,"['Weather', 'WeatherLags', 'Prices', 'Time']",SUCCESS,55.3503,30.2397,0.5618,39.7199,43.1081,67.3568,497.92,RandomForest
2026-04-02 15:26:30,Exp5_Weather_Grid_168h_Price,DK1,TARGET_Price_168h,"['Weather', 'Grid', 'GridExchange', 'Time']",SUCCESS,66.853,36.8188,0.3607,48.3617,49.7972,67.0737,34.36,XGBoost
2026-04-02 15:26:30,Exp5_Weather_Grid_168h_Price,DK1,TARGET_Price_168h,"['Weather', 'Grid', 'GridExchange', 'Time']",SUCCESS,63.6514,35.2103,0.4205,46.249,48.6487,67.8796,26.39,LightGBM
2026-04-02 15:26:30,Exp5_Weather_Grid_168h_Price,DK1,TARGET_Price_168h,"['Weather', 'Grid', 'GridExchange', 'Time']",SUCCESS,60.6591,32.3374,0.4737,42.4753,46.6694,62.8978,58.23,CatBoost
2026-04-02 15:26:30,Exp5_Weather_Grid_168h_Price,DK1,TARGET_Price_168h,"['Weather', 'Grid', 'GridExchange', 'Time']",SUCCESS,72.1312,38.7908,0.2558,50.9519,51.216,62.7458,490.72,RandomForest
2026-04-02 15:40:26,Exp6_Weather_WeatherLags_Grid_168h_Price,DK1,TARGET_Price_168h,"['Weather', 'WeatherLags', 'Grid', 'GridExchange', 'Time']",SUCCESS,66.2653,36.4724,0.3719,47.9067,49.4589,67.0855,46.1,XGBoost
2026-04-02 15:40:26,Exp6_Weather_WeatherLags_Grid_168h_Price,DK1,TARGET_Price_168h,"['Weather', 'WeatherLags', 'Grid', 'GridExchange', 'Time']",SUCCESS,63.8944,35.1561,0.416,46.1777,48.7263,67.7839,31.82,LightGBM
2026-04-02 15:40:26,Exp6_Weather_WeatherLags_Grid_168h_Price,DK1,TARGET_Price_168h,"['Weather', 'WeatherLags', 'Grid', 'GridExchange', 'Time']",SUCCESS,60.4345,32.2538,0.4776,42.3655,46.571,62.3501,65.87,CatBoost
2026-04-02 15:40:26,Exp6_Weather_WeatherLags_Grid_168h_Price,DK1,TARGET_Price_168h,"['Weather', 'WeatherLags', 'Grid', 'GridExchange', 'Time']",SUCCESS,71.6293,38.6133,0.2661,50.7188,51.3357,62.7865,682.88,RandomForest
2026-04-02 15:52:25,Exp7_Weather_Grid_Prices_168h_Price,DK1,TARGET_Price_168h,"['Weather', 'Grid', 'GridExchange', 'Prices', 'Time']",SUCCESS,53.2873,29.5122,0.5938,38.7645,43.1481,68.4417,38.97,XGBoost
2026-04-02 15:52:25,Exp7_Weather_Grid_Prices_168h_Price,DK1,TARGET_Price_168h,"['Weather', 'Grid', 'GridExchange', 'Prices', 'Time']",SUCCESS,53.4014,29.6344,0.5921,38.9249,43.2921,69.4506,27.97,LightGBM
2026-04-02 15:52:25,Exp7_Weather_Grid_Prices_168h_Price,DK1,TARGET_Price_168h,"['Weather', 'Grid', 'GridExchange', 'Prices', 'Time']",SUCCESS,51.0451,27.7942,0.6273,36.5078,41.196,66.1277,60.85,CatBoost
2026-04-02 15:52:25,Exp7_Weather_Grid_Prices_168h_Price,DK1,TARGET_Price_168h,"['Weather', 'Grid', 'GridExchange', 'Prices', 'Time']",SUCCESS,55.1676,30.7389,0.5647,40.3757,43.8051,66.3858,583.29,RandomForest
2026-04-02 16:08:05,Exp8_Weather_WeatherLags_Grid_Prices_168h_Price,DK1,TARGET_Price_168h,"['Weather', 'WeatherLags', 'Grid', 'GridExchange', 'Prices', 'Time']",SUCCESS,53.1593,29.535,0.5958,38.7944,43.3545,68.5386,50.47,XGBoost
2026-04-02 16:08:05,Exp8_Weather_WeatherLags_Grid_Prices_168h_Price,DK1,TARGET_Price_168h,"['Weather', 'WeatherLags', 'Grid', 'GridExchange', 'Prices', 'Time']",SUCCESS,53.6621,29.6753,0.5881,38.9786,43.1445,69.4323,33.55,LightGBM
2026-04-02 16:08:05,Exp8_Weather_WeatherLags_Grid_Prices_168h_Price,DK1,TARGET_Price_168h,"['Weather', 'WeatherLags', 'Grid', 'GridExchange', 'Prices', 'Time']",SUCCESS,51.0586,27.8183,0.6271,36.5394,41.3885,66.661,69.86,CatBoost
2026-04-02 16:08:05,Exp8_Weather_WeatherLags_Grid_Prices_168h_Price,DK1,TARGET_Price_168h,"['Weather', 'WeatherLags', 'Grid', 'GridExchange', 'Prices', 'Time']",SUCCESS,55.5509,30.8167,0.5586,40.4779,43.8328,66.3321,776.35,RandomForest
2026-04-02 16:23:45,Exp9_Weather_Grid_Gridlags_168h_Price,DK1,TARGET_Price_168h,"['Weather', 'Grid', 'GridExchange', 'GridLags', 'GridExchangeLags', 'Time']",SUCCESS,64.7564,35.6511,0.4002,46.8279,49.028,66.7959,50.34,XGBoost
2026-04-02 16:23:45,Exp9_Weather_Grid_Gridlags_168h_Price,DK1,TARGET_Price_168h,"['Weather', 'Grid', 'GridExchange', 'GridLags', 'GridExchangeLags', 'Time']",SUCCESS,63.5121,34.9075,0.423,45.8512,48.4833,67.7511,36.58,LightGBM
2026-04-02 16:23:45,Exp9_Weather_Grid_Gridlags_168h_Price,DK1,TARGET_Price_168h,"['Weather', 'Grid', 'GridExchange', 'GridLags', 'GridExchangeLags', 'Time']",SUCCESS,60.4193,32.1832,0.4778,42.2728,46.4789,61.4814,70.72,CatBoost
2026-04-02 16:23:45,Exp9_Weather_Grid_Gridlags_168h_Price,DK1,TARGET_Price_168h,"['Weather', 'Grid', 'GridExchange', 'GridLags', 'GridExchangeLags', 'Time']",SUCCESS,65.8737,36.4357,0.3793,47.8585,50.1546,63.0538,772.72,RandomForest
2026-04-02 16:43:01,Exp10_Weather_WeatherLags_Grid_Gridlags_168h_Price,DK1,TARGET_Price_168h,"['Weather', 'WeatherLags', 'Grid', 'GridExchange', 'GridLags', 'GridExchangeLags', 'Time']",SUCCESS,64.1121,35.481,0.412,46.6045,48.9352,66.509,62.11,XGBoost
2026-04-02 16:43:01,Exp10_Weather_WeatherLags_Grid_Gridlags_168h_Price,DK1,TARGET_Price_168h,"['Weather', 'WeatherLags', 'Grid', 'GridExchange', 'GridLags', 'GridExchangeLags', 'Time']",SUCCESS,63.4781,34.7533,0.4236,45.6486,48.2231,67.8835,41.97,LightGBM
2026-04-02 16:43:01,Exp10_Weather_WeatherLags_Grid_Gridlags_168h_Price,DK1,TARGET_Price_168h,"['Weather', 'WeatherLags', 'Grid', 'GridExchange', 'GridLags', 'GridExchangeLags', 'Time']",SUCCESS,60.7992,32.0689,0.4712,42.1226,46.2734,61.9151,79.95,CatBoost
2026-04-02 16:43:01,Exp10_Weather_WeatherLags_Grid_Gridlags_168h_Price,DK1,TARGET_Price_168h,"['Weather', 'WeatherLags', 'Grid', 'GridExchange', 'GridLags', 'GridExchangeLags', 'Time']",SUCCESS,65.6952,36.5011,0.3826,47.9444,50.3511,63.2136,961.21,RandomForest
2026-04-02 17:00:28,Exp11_Weather_Grid_Gridlags_Prices_168h_Price,DK1,TARGET_Price_168h,"['Weather', 'Grid', 'GridExchange', 'GridLags', 'GridExchangeLags', 'Prices', 'Time']",SUCCESS,53.913,29.7694,0.5842,39.1023,43.3201,68.2648,54.79,XGBoost
2026-04-02 17:00:28,Exp11_Weather_Grid_Gridlags_Prices_168h_Price,DK1,TARGET_Price_168h,"['Weather', 'Grid', 'GridExchange', 'GridLags', 'GridExchangeLags', 'Prices', 'Time']",SUCCESS,54.3058,29.9124,0.5781,39.2901,43.2045,69.4126,37.85,LightGBM
2026-04-02 17:00:28,Exp11_Weather_Grid_Gridlags_Prices_168h_Price,DK1,TARGET_Price_168h,"['Weather', 'Grid', 'GridExchange', 'GridLags', 'GridExchangeLags', 'Prices', 'Time']",SUCCESS,50.8501,27.832,0.6301,36.5575,41.2615,66.4959,73.43,CatBoost
2026-04-02 17:00:29,Exp11_Weather_Grid_Gridlags_Prices_168h_Price,DK1,TARGET_Price_168h,"['Weather', 'Grid', 'GridExchange', 'GridLags', 'GridExchangeLags', 'Prices', 'Time']",SUCCESS,55.4425,30.9391,0.5603,40.6386,43.8286,66.2482,869.89,RandomForest
2026-04-02 17:21:45,Exp12_Weather_WeatherLags_Grid_Gridlags_Prices_168h_Price,DK1,TARGET_Price_168h,"['Weather', 'WeatherLags', 'Grid', 'GridExchange', 'GridLags', 'GridExchangeLags', 'Prices', 'Time']",SUCCESS,53.9061,29.7812,0.5843,39.1177,43.2888,68.4404,67.44,XGBoost
2026-04-02 17:21:45,Exp12_Weather_WeatherLags_Grid_Gridlags_Prices_168h_Price,DK1,TARGET_Price_168h,"['Weather', 'WeatherLags', 'Grid', 'GridExchange', 'GridLags', 'GridExchangeLags', 'Prices', 'Time']",SUCCESS,54.3076,29.9493,0.5781,39.3385,43.3255,69.1715,43.14,LightGBM
2026-04-02 17:21:45,Exp12_Weather_WeatherLags_Grid_Gridlags_Prices_168h_Price,DK1,TARGET_Price_168h,"['Weather', 'WeatherLags', 'Grid', 'GridExchange', 'GridLags', 'GridExchangeLags', 'Prices', 'Time']",SUCCESS,50.866,27.6672,0.6299,36.341,41.1933,66.2653,82.19,CatBoost
2026-04-02 17:21:45,Exp12_Weather_WeatherLags_Grid_Gridlags_Prices_168h_Price,DK1,TARGET_Price_168h,"['Weather', 'WeatherLags', 'Grid', 'GridExchange', 'GridLags', 'GridExchangeLags', 'Prices', 'Time']",SUCCESS,55.7136,31.058,0.556,40.7948,43.9284,66.2679,1071.05,RandomForest
2026-04-02 17:43:14,Exp13_Total_Information_168h_Price,DK1,TARGET_Price_168h,['All_Features'],SUCCESS,53.2169,29.3974,0.5949,38.6137,43.0152,68.2884,67.01,XGBoost
2026-04-02 17:43:14,Exp13_Total_Information_168h_Price,DK1,TARGET_Price_168h,['All_Features'],SUCCESS,53.3877,29.5827,0.5923,38.857,43.0098,69.3589,42.56,LightGBM
2026-04-02 17:43:14,Exp13_Total_Information_168h_Price,DK1,TARGET_Price_168h,['All_Features'],SUCCESS,50.7594,27.6138,0.6314,36.2708,41.0457,66.7815,82.62,CatBoost
2026-04-02 17:43:14,Exp13_Total_Information_168h_Price,DK1,TARGET_Price_168h,['All_Features'],SUCCESS,54.3385,30.0335,0.5776,39.4491,43.0566,66.6151,1084.44,RandomForest
2026-04-02 17:50:44,Exp1_Weather_Only_24h_Delta,DK1,TARGET_Delta_24h,"['Weather', 'Time']",SUCCESS,39.4522,21.5664,0.1145,93.6096,136.6623,53.5633,24.53,XGBoost
2026-04-02 17:50:44,Exp1_Weather_Only_24h_Delta,DK1,TARGET_Delta_24h,"['Weather', 'Time']",SUCCESS,39.2791,21.3918,0.1223,92.8517,137.0441,52.2937,23.68,LightGBM
2026-04-02 17:50:44,Exp1_Weather_Only_24h_Delta,DK1,TARGET_Delta_24h,"['Weather', 'Time']",SUCCESS,39.188,21.1284,0.1263,91.7085,136.886,53.6485,52.39,CatBoost
2026-04-02 17:50:44,Exp1_Weather_Only_24h_Delta,DK1,TARGET_Delta_24h,"['Weather', 'Time']",SUCCESS,39.5595,21.5392,0.1097,93.4913,137.6157,51.5953,225.8,RandomForest
2026-04-02 17:59:48,Exp2_Weather_WeatherLags_Only_24h_Delta,DK1,TARGET_Delta_24h,"['Weather', 'WeatherLags', 'Time']",SUCCESS,39.445,21.6012,0.1148,93.7606,136.9179,53.4362,32.65,XGBoost
2026-04-02 17:59:48,Exp2_Weather_WeatherLags_Only_24h_Delta,DK1,TARGET_Delta_24h,"['Weather', 'WeatherLags', 'Time']",SUCCESS,39.456,21.5396,0.1143,93.493,137.6242,52.7287,25.13,LightGBM
2026-04-02 17:59:48,Exp2_Weather_WeatherLags_Only_24h_Delta,DK1,TARGET_Delta_24h,"['Weather', 'WeatherLags', 'Time']",SUCCESS,39.2509,21.221,0.1235,92.1104,137.5442,53.2096,58.4,CatBoost
2026-04-02 17:59:48,Exp2_Weather_WeatherLags_Only_24h_Delta,DK1,TARGET_Delta_24h,"['Weather', 'WeatherLags', 'Time']",SUCCESS,39.5793,21.6187,0.1088,93.8367,138.0128,51.2507,419.58,RandomForest
2026-04-02 18:06:38,Exp3_Weather_Prices_24h_Delta,DK1,TARGET_Delta_24h,"['Weather', 'Prices', 'Time']",SUCCESS,38.0848,21.5506,0.1748,93.541,125.5723,61.2783,26.56,XGBoost
2026-04-02 18:06:38,Exp3_Weather_Prices_24h_Delta,DK1,TARGET_Delta_24h,"['Weather', 'Prices', 'Time']",SUCCESS,37.6278,21.3015,0.1945,92.4599,125.5926,61.3766,21.95,LightGBM
2026-04-02 18:06:38,Exp3_Weather_Prices_24h_Delta,DK1,TARGET_Delta_24h,"['Weather', 'Prices', 'Time']",SUCCESS,36.2056,20.3227,0.2543,88.2112,126.9441,61.0385,51.84,CatBoost
2026-04-02 18:06:38,Exp3_Weather_Prices_24h_Delta,DK1,TARGET_Delta_24h,"['Weather', 'Prices', 'Time']",SUCCESS,37.6542,21.2723,0.1934,92.3329,127.593,59.2395,303.12,RandomForest
2026-04-02 18:17:03,Exp4_Weather_WeatherLags_Prices_24h_Delta,DK1,TARGET_Delta_24h,"['Weather', 'WeatherLags', 'Prices', 'Time']",SUCCESS,37.4493,21.2235,0.2021,92.1212,124.8821,61.1683,37.75,XGBoost
2026-04-02 18:17:03,Exp4_Weather_WeatherLags_Prices_24h_Delta,DK1,TARGET_Delta_24h,"['Weather', 'WeatherLags', 'Prices', 'Time']",SUCCESS,37.3475,21.097,0.2065,91.572,125.1751,61.3989,23.98,LightGBM
2026-04-02 18:17:03,Exp4_Weather_WeatherLags_Prices_24h_Delta,DK1,TARGET_Delta_24h,"['Weather', 'WeatherLags', 'Prices', 'Time']",SUCCESS,36.2909,20.3432,0.2507,88.3003,126.9004,61.2063,58.39,CatBoost
2026-04-02 18:17:03,Exp4_Weather_WeatherLags_Prices_24h_Delta,DK1,TARGET_Delta_24h,"['Weather', 'WeatherLags', 'Prices', 'Time']",SUCCESS,37.5549,21.2364,0.1976,92.1771,127.5565,59.1045,497.15,RandomForest
2026-04-02 18:27:35,Exp5_Weather_Grid_24h_Delta,DK1,TARGET_Delta_24h,"['Weather', 'Grid', 'GridExchange', 'Time']",SUCCESS,38.3313,21.9464,0.1641,95.2587,126.8339,54.2774,37.8,XGBoost
2026-04-02 18:27:35,Exp5_Weather_Grid_24h_Delta,DK1,TARGET_Delta_24h,"['Weather', 'Grid', 'GridExchange', 'Time']",SUCCESS,37.9948,21.6841,0.1787,94.1206,127.0829,54.3757,26.45,LightGBM
2026-04-02 18:27:35,Exp5_Weather_Grid_24h_Delta,DK1,TARGET_Delta_24h,"['Weather', 'Grid', 'GridExchange', 'Time']",SUCCESS,36.9727,20.5069,0.2223,89.0106,128.7079,53.1244,60.85,CatBoost
2026-04-02 18:27:35,Exp5_Weather_Grid_24h_Delta,DK1,TARGET_Delta_24h,"['Weather', 'Grid', 'GridExchange', 'Time']",SUCCESS,38.5016,21.8322,0.1567,94.7633,129.4188,53.2213,498.65,RandomForest
2026-04-02 18:41:37,Exp6_Weather_WeatherLags_Grid_24h_Delta,DK1,TARGET_Delta_24h,"['Weather', 'WeatherLags', 'Grid', 'GridExchange', 'Time']",SUCCESS,38.3978,21.9498,0.1612,95.2736,126.6043,54.0861,45.51,XGBoost
2026-04-02 18:41:37,Exp6_Weather_WeatherLags_Grid_24h_Delta,DK1,TARGET_Delta_24h,"['Weather', 'WeatherLags', 'Grid', 'GridExchange', 'Time']",SUCCESS,37.9034,21.5778,0.1827,93.6591,127.1463,53.7782,30.51,LightGBM
2026-04-02 18:41:37,Exp6_Weather_WeatherLags_Grid_24h_Delta,DK1,TARGET_Delta_24h,"['Weather', 'WeatherLags', 'Grid', 'GridExchange', 'Time']",SUCCESS,37.0441,20.5704,0.2193,89.2865,128.4951,53.4598,68.49,CatBoost
2026-04-02 18:41:37,Exp6_Weather_WeatherLags_Grid_24h_Delta,DK1,TARGET_Delta_24h,"['Weather', 'WeatherLags', 'Grid', 'GridExchange', 'Time']",SUCCESS,38.6242,21.8354,0.1513,94.7773,129.6958,52.9999,688.11,RandomForest
2026-04-02 18:53:35,Exp7_Weather_Grid_Prices_24h_Delta,DK1,TARGET_Delta_24h,"['Weather', 'Grid', 'GridExchange', 'Prices', 'Time']",SUCCESS,37.7464,21.4178,0.1894,92.9643,124.0962,60.2746,38.72,XGBoost
2026-04-02 18:53:35,Exp7_Weather_Grid_Prices_24h_Delta,DK1,TARGET_Delta_24h,"['Weather', 'Grid', 'GridExchange', 'Prices', 'Time']",SUCCESS,37.38,21.1978,0.2051,92.0095,123.7293,60.4266,27.31,LightGBM
2026-04-02 18:53:35,Exp7_Weather_Grid_Prices_24h_Delta,DK1,TARGET_Delta_24h,"['Weather', 'Grid', 'GridExchange', 'Prices', 'Time']",SUCCESS,35.9261,20.1678,0.2657,87.539,125.2013,60.5066,61.57,CatBoost
2026-04-02 18:53:35,Exp7_Weather_Grid_Prices_24h_Delta,DK1,TARGET_Delta_24h,"['Weather', 'Grid', 'GridExchange', 'Prices', 'Time']",SUCCESS,37.6197,21.2784,0.1949,92.3592,126.9083,59.0181,582.63,RandomForest
2026-04-02 19:09:01,Exp8_Weather_WeatherLags_Grid_Prices_24h_Delta,DK1,TARGET_Delta_24h,"['Weather', 'WeatherLags', 'Grid', 'GridExchange', 'Prices', 'Time']",SUCCESS,37.499,21.2671,0.2,92.3106,123.6386,60.0152,50.06,XGBoost
2026-04-02 19:09:01,Exp8_Weather_WeatherLags_Grid_Prices_24h_Delta,DK1,TARGET_Delta_24h,"['Weather', 'WeatherLags', 'Grid', 'GridExchange', 'Prices', 'Time']",SUCCESS,37.155,21.1283,0.2146,91.7079,123.7217,60.4319,33.12,LightGBM
2026-04-02 19:09:01,Exp8_Weather_WeatherLags_Grid_Prices_24h_Delta,DK1,TARGET_Delta_24h,"['Weather', 'WeatherLags', 'Grid', 'GridExchange', 'Prices', 'Time']",SUCCESS,36.0487,20.2177,0.2607,87.7553,125.144,60.4804,70.19,CatBoost
2026-04-02 19:09:01,Exp8_Weather_WeatherLags_Grid_Prices_24h_Delta,DK1,TARGET_Delta_24h,"['Weather', 'WeatherLags', 'Grid', 'GridExchange', 'Prices', 'Time']",SUCCESS,37.309,21.188,0.2081,91.967,126.9512,58.6669,762.98,RandomForest
2026-04-02 19:24:40,Exp9_Weather_Grid_Gridlags_24h_Delta,DK1,TARGET_Delta_24h,"['Weather', 'Grid', 'GridExchange', 'GridLags', 'GridExchangeLags', 'Time']",SUCCESS,38.3986,22.0113,0.1612,95.5404,126.3761,54.3692,48.86,XGBoost
2026-04-02 19:24:40,Exp9_Weather_Grid_Gridlags_24h_Delta,DK1,TARGET_Delta_24h,"['Weather', 'Grid', 'GridExchange', 'GridLags', 'GridExchangeLags', 'Time']",SUCCESS,38.0163,21.7433,0.1778,94.3773,126.9825,53.8005,34.92,LightGBM
2026-04-02 19:24:40,Exp9_Weather_Grid_Gridlags_24h_Delta,DK1,TARGET_Delta_24h,"['Weather', 'Grid', 'GridExchange', 'GridLags', 'GridExchangeLags', 'Time']",SUCCESS,37.0429,20.5874,0.2194,89.3603,128.7329,53.2816,69.71,CatBoost
2026-04-02 19:24:41,Exp9_Weather_Grid_Gridlags_24h_Delta,DK1,TARGET_Delta_24h,"['Weather', 'Grid', 'GridExchange', 'GridLags', 'GridExchangeLags', 'Time']",SUCCESS,38.3786,21.8103,0.162,94.6683,129.3622,53.3995,775.78,RandomForest
2026-04-02 19:44:04,Exp10_Weather_WeatherLags_Grid_Gridlags_24h_Delta,DK1,TARGET_Delta_24h,"['Weather', 'WeatherLags', 'Grid', 'GridExchange', 'GridLags', 'GridExchangeLags', 'Time']",SUCCESS,38.0843,21.7723,0.1749,94.5031,126.3958,53.7625,60.34,XGBoost
2026-04-02 19:44:04,Exp10_Weather_WeatherLags_Grid_Gridlags_24h_Delta,DK1,TARGET_Delta_24h,"['Weather', 'WeatherLags', 'Grid', 'GridExchange', 'GridLags', 'GridExchangeLags', 'Time']",SUCCESS,37.9126,21.6183,0.1823,93.8346,126.8468,54.115,39.23,LightGBM
2026-04-02 19:44:04,Exp10_Weather_WeatherLags_Grid_Gridlags_24h_Delta,DK1,TARGET_Delta_24h,"['Weather', 'WeatherLags', 'Grid', 'GridExchange', 'GridLags', 'GridExchangeLags', 'Time']",SUCCESS,36.9345,20.5037,0.2239,88.9967,128.0857,53.5476,79.26,CatBoost
2026-04-02 19:44:04,Exp10_Weather_WeatherLags_Grid_Gridlags_24h_Delta,DK1,TARGET_Delta_24h,"['Weather', 'WeatherLags', 'Grid', 'GridExchange', 'GridLags', 'GridExchangeLags', 'Time']",SUCCESS,38.368,21.7632,0.1625,94.4636,129.3738,53.068,973.05,RandomForest
2026-04-02 20:01:16,Exp11_Weather_Grid_Gridlags_Prices_24h_Delta,DK1,TARGET_Delta_24h,"['Weather', 'Grid', 'GridExchange', 'GridLags', 'GridExchangeLags', 'Prices', 'Time']",SUCCESS,37.5124,21.3289,0.1994,92.5785,123.6881,59.8042,53.93,XGBoost
2026-04-02 20:01:16,Exp11_Weather_Grid_Gridlags_Prices_24h_Delta,DK1,TARGET_Delta_24h,"['Weather', 'Grid', 'GridExchange', 'GridLags', 'GridExchangeLags', 'Prices', 'Time']",SUCCESS,37.3487,21.2598,0.2064,92.2788,123.6724,60.3572,36.67,LightGBM
2026-04-02 20:01:16,Exp11_Weather_Grid_Gridlags_Prices_24h_Delta,DK1,TARGET_Delta_24h,"['Weather', 'Grid', 'GridExchange', 'GridLags', 'GridExchangeLags', 'Prices', 'Time']",SUCCESS,36.003,20.2223,0.2626,87.7754,125.2385,60.6468,73.82,CatBoost
2026-04-02 20:01:16,Exp11_Weather_Grid_Gridlags_Prices_24h_Delta,DK1,TARGET_Delta_24h,"['Weather', 'Grid', 'GridExchange', 'GridLags', 'GridExchangeLags', 'Prices', 'Time']",SUCCESS,37.4432,21.271,0.2024,92.3273,126.6883,58.6145,857.31,RandomForest
2026-04-02 20:22:02,Exp12_Weather_WeatherLags_Grid_Gridlags_Prices_24h_Delta,DK1,TARGET_Delta_24h,"['Weather', 'WeatherLags', 'Grid', 'GridExchange', 'GridLags', 'GridExchangeLags', 'Prices', 'Time']",SUCCESS,37.5682,21.2993,0.1971,92.4501,123.4863,59.9549,65.78,XGBoost
2026-04-02 20:22:02,Exp12_Weather_WeatherLags_Grid_Gridlags_Prices_24h_Delta,DK1,TARGET_Delta_24h,"['Weather', 'WeatherLags', 'Grid', 'GridExchange', 'GridLags', 'GridExchangeLags', 'Prices', 'Time']",SUCCESS,37.2082,21.1923,0.2124,91.9858,123.659,60.2,41.3,LightGBM
2026-04-02 20:22:02,Exp12_Weather_WeatherLags_Grid_Gridlags_Prices_24h_Delta,DK1,TARGET_Delta_24h,"['Weather', 'WeatherLags', 'Grid', 'GridExchange', 'GridLags', 'GridExchangeLags', 'Prices', 'Time']",SUCCESS,36.1172,20.1679,0.2579,87.5394,125.3338,60.5773,81.16,CatBoost
2026-04-02 20:22:02,Exp12_Weather_WeatherLags_Grid_Gridlags_Prices_24h_Delta,DK1,TARGET_Delta_24h,"['Weather', 'WeatherLags', 'Grid', 'GridExchange', 'GridLags', 'GridExchangeLags', 'Prices', 'Time']",SUCCESS,37.3256,21.2208,0.2074,92.1094,126.8369,58.7835,1045.46,RandomForest
2026-04-02 20:42:58,Exp13_Total_Information_24h_Delta,DK1,TARGET_Delta_24h,['All_Features'],SUCCESS,37.5399,21.393,0.1983,92.8568,123.9587,60.2746,65.84,XGBoost
2026-04-02 20:42:58,Exp13_Total_Information_24h_Delta,DK1,TARGET_Delta_24h,['All_Features'],SUCCESS,37.1572,21.2988,0.2145,92.4479,123.6722,60.9822,41.38,LightGBM
2026-04-02 20:42:58,Exp13_Total_Information_24h_Delta,DK1,TARGET_Delta_24h,['All_Features'],SUCCESS,36.0312,20.2836,0.2614,88.0417,125.4262,60.6101,82.3,CatBoost
2026-04-02 20:42:58,Exp13_Total_Information_24h_Delta,DK1,TARGET_Delta_24h,['All_Features'],SUCCESS,37.9944,21.5621,0.1787,93.5909,127.204,58.3603,1054.01,RandomForest
2026-04-02 20:48:12,Exp1_Weather_Only_48h_Delta,DK1,TARGET_Delta_48h,"['Weather', 'Time']",SUCCESS,49.355,26.9038,0.1411,90.3957,129.0215,54.7688,19.86,XGBoost
2026-04-02 20:48:12,Exp1_Weather_Only_48h_Delta,DK1,TARGET_Delta_48h,"['Weather', 'Time']",SUCCESS,49.2419,26.7841,0.145,89.9935,129.8494,53.6577,16.87,LightGBM
2026-04-02 20:48:12,Exp1_Weather_Only_48h_Delta,DK1,TARGET_Delta_48h,"['Weather', 'Time']",SUCCESS,48.8752,26.381,0.1577,88.6393,128.9846,55.0584,47.88,CatBoost
2026-04-02 20:48:12,Exp1_Weather_Only_48h_Delta,DK1,TARGET_Delta_48h,"['Weather', 'Time']",SUCCESS,49.5228,26.9631,0.1352,90.5949,129.9336,52.9947,224.99,RandomForest
2026-04-02 20:57:07,Exp2_Weather_WeatherLags_Only_48h_Delta,DK1,TARGET_Delta_48h,"['Weather', 'WeatherLags', 'Time']",SUCCESS,49.2694,26.907,0.144,90.4064,129.4755,54.833,29.97,XGBoost
2026-04-02 20:57:07,Exp2_Weather_WeatherLags_Only_48h_Delta,DK1,TARGET_Delta_48h,"['Weather', 'WeatherLags', 'Time']",SUCCESS,49.2314,26.8131,0.1454,90.0912,130.1023,53.8529,20.78,LightGBM
2026-04-02 20:57:07,Exp2_Weather_WeatherLags_Only_48h_Delta,DK1,TARGET_Delta_48h,"['Weather', 'WeatherLags', 'Time']",SUCCESS,48.8909,26.4078,0.1571,88.7294,129.0661,55.0204,56.69,CatBoost
2026-04-02 20:57:07,Exp2_Weather_WeatherLags_Only_48h_Delta,DK1,TARGET_Delta_48h,"['Weather', 'WeatherLags', 'Time']",SUCCESS,49.5145,27.0278,0.1355,90.8123,129.9325,52.3972,420.72,RandomForest
2026-04-02 21:03:45,Exp3_Weather_Prices_48h_Delta,DK1,TARGET_Delta_48h,"['Weather', 'Prices', 'Time']",SUCCESS,45.249,25.203,0.278,84.6811,115.5357,63.3957,24.04,XGBoost
2026-04-02 21:03:45,Exp3_Weather_Prices_48h_Delta,DK1,TARGET_Delta_48h,"['Weather', 'Prices', 'Time']",SUCCESS,45.2836,25.2153,0.2769,84.7223,115.9428,63.4272,18.61,LightGBM
2026-04-02 21:03:45,Exp3_Weather_Prices_48h_Delta,DK1,TARGET_Delta_48h,"['Weather', 'Prices', 'Time']",SUCCESS,43.3287,24.1993,0.338,81.3087,116.6922,63.9487,50.27,CatBoost
2026-04-02 21:03:45,Exp3_Weather_Prices_48h_Delta,DK1,TARGET_Delta_48h,"['Weather', 'Prices', 'Time']",SUCCESS,45.7899,25.409,0.2607,85.3733,117.3168,61.5417,300.33,RandomForest
2026-04-02 21:14:01,Exp4_Weather_WeatherLags_Prices_48h_Delta,DK1,TARGET_Delta_48h,"['Weather', 'WeatherLags', 'Prices', 'Time']",SUCCESS,44.5964,24.9347,0.2987,83.7799,115.0607,63.5346,35.1,XGBoost
2026-04-02 21:14:01,Exp4_Weather_WeatherLags_Prices_48h_Delta,DK1,TARGET_Delta_48h,"['Weather', 'WeatherLags', 'Prices', 'Time']",SUCCESS,44.5236,24.9069,0.301,83.6862,115.6226,63.5844,23.87,LightGBM
2026-04-02 21:14:01,Exp4_Weather_WeatherLags_Prices_48h_Delta,DK1,TARGET_Delta_48h,"['Weather', 'WeatherLags', 'Prices', 'Time']",SUCCESS,43.2125,24.132,0.3416,81.0826,116.4914,63.8819,59.33,CatBoost
2026-04-02 21:14:01,Exp4_Weather_WeatherLags_Prices_48h_Delta,DK1,TARGET_Delta_48h,"['Weather', 'WeatherLags', 'Prices', 'Time']",SUCCESS,45.1556,25.169,0.281,84.5671,117.238,61.5928,490.7,RandomForest
2026-04-02 21:24:25,Exp5_Weather_Grid_48h_Delta,DK1,TARGET_Delta_48h,"['Weather', 'Grid', 'GridExchange', 'Time']",SUCCESS,46.4101,26.4696,0.2405,88.937,118.4916,55.6297,33.84,XGBoost
2026-04-02 21:24:25,Exp5_Weather_Grid_48h_Delta,DK1,TARGET_Delta_48h,"['Weather', 'Grid', 'GridExchange', 'Time']",SUCCESS,46.0424,26.1894,0.2525,87.9955,118.5365,55.7345,26.26,LightGBM
2026-04-02 21:24:25,Exp5_Weather_Grid_48h_Delta,DK1,TARGET_Delta_48h,"['Weather', 'Grid', 'GridExchange', 'Time']",SUCCESS,44.5679,24.7472,0.2996,83.1497,119.0406,54.5788,58.97,CatBoost
2026-04-02 21:24:25,Exp5_Weather_Grid_48h_Delta,DK1,TARGET_Delta_48h,"['Weather', 'Grid', 'GridExchange', 'Time']",SUCCESS,48.2161,27.0134,0.1802,90.7641,120.171,54.9038,497.13,RandomForest
2026-04-02 21:38:30,Exp6_Weather_WeatherLags_Grid_48h_Delta,DK1,TARGET_Delta_48h,"['Weather', 'WeatherLags', 'Grid', 'GridExchange', 'Time']",SUCCESS,45.9931,26.1972,0.2541,88.0216,118.6342,55.4357,45.67,XGBoost
2026-04-02 21:38:30,Exp6_Weather_WeatherLags_Grid_48h_Delta,DK1,TARGET_Delta_48h,"['Weather', 'WeatherLags', 'Grid', 'GridExchange', 'Time']",SUCCESS,45.6115,25.9365,0.2664,87.1458,118.7525,55.4606,30.75,LightGBM
2026-04-02 21:38:30,Exp6_Weather_WeatherLags_Grid_48h_Delta,DK1,TARGET_Delta_48h,"['Weather', 'WeatherLags', 'Grid', 'GridExchange', 'Time']",SUCCESS,44.8431,24.8643,0.2909,83.5432,119.7076,54.2683,67.55,CatBoost
2026-04-02 21:38:30,Exp6_Weather_WeatherLags_Grid_48h_Delta,DK1,TARGET_Delta_48h,"['Weather', 'WeatherLags', 'Grid', 'GridExchange', 'Time']",SUCCESS,47.7257,26.8295,0.1968,90.1462,120.2008,54.8409,691.59,RandomForest
2026-04-02 21:50:25,Exp7_Weather_Grid_Prices_48h_Delta,DK1,TARGET_Delta_48h,"['Weather', 'Grid', 'GridExchange', 'Prices', 'Time']",SUCCESS,44.5303,25.039,0.3008,84.1301,113.9942,62.0737,38.28,XGBoost
2026-04-02 21:50:25,Exp7_Weather_Grid_Prices_48h_Delta,DK1,TARGET_Delta_48h,"['Weather', 'Grid', 'GridExchange', 'Prices', 'Time']",SUCCESS,44.8075,25.1729,0.292,84.5801,114.5236,62.6214,27.41,LightGBM
2026-04-02 21:50:25,Exp7_Weather_Grid_Prices_48h_Delta,DK1,TARGET_Delta_48h,"['Weather', 'Grid', 'GridExchange', 'Prices', 'Time']",SUCCESS,42.8351,23.8635,0.353,80.1805,114.9982,62.5611,61.21,CatBoost
2026-04-02 21:50:25,Exp7_Weather_Grid_Prices_48h_Delta,DK1,TARGET_Delta_48h,"['Weather', 'Grid', 'GridExchange', 'Prices', 'Time']",SUCCESS,45.456,25.32,0.2714,85.0744,116.4833,60.9114,580.03,RandomForest
2026-04-02 22:05:48,Exp8_Weather_WeatherLags_Grid_Prices_48h_Delta,DK1,TARGET_Delta_48h,"['Weather', 'WeatherLags', 'Grid', 'GridExchange', 'Prices', 'Time']",SUCCESS,44.491,25.0378,0.302,84.126,114.1081,62.2401,49.94,XGBoost
2026-04-02 22:05:48,Exp8_Weather_WeatherLags_Grid_Prices_48h_Delta,DK1,TARGET_Delta_48h,"['Weather', 'WeatherLags', 'Grid', 'GridExchange', 'Prices', 'Time']",SUCCESS,43.9961,24.8,0.3175,83.3273,114.2127,62.7236,33.15,LightGBM
2026-04-02 22:05:48,Exp8_Weather_WeatherLags_Grid_Prices_48h_Delta,DK1,TARGET_Delta_48h,"['Weather', 'WeatherLags', 'Grid', 'GridExchange', 'Prices', 'Time']",SUCCESS,42.9649,23.9865,0.3491,80.5939,115.8797,62.5624,68.94,CatBoost
2026-04-02 22:05:48,Exp8_Weather_WeatherLags_Grid_Prices_48h_Delta,DK1,TARGET_Delta_48h,"['Weather', 'WeatherLags', 'Grid', 'GridExchange', 'Prices', 'Time']",SUCCESS,44.9381,25.1018,0.2879,84.3412,116.5363,61.0451,762.16,RandomForest
2026-04-02 22:21:30,Exp9_Weather_Grid_Gridlags_48h_Delta,DK1,TARGET_Delta_48h,"['Weather', 'Grid', 'GridExchange', 'GridLags', 'GridExchangeLags', 'Time']",SUCCESS,46.4266,26.4665,0.24,88.9264,118.5302,55.272,49.05,XGBoost
2026-04-02 22:21:30,Exp9_Weather_Grid_Gridlags_48h_Delta,DK1,TARGET_Delta_48h,"['Weather', 'Grid', 'GridExchange', 'GridLags', 'GridExchangeLags', 'Time']",SUCCESS,46.0267,26.2403,0.253,88.1666,118.8463,55.3886,34.5,LightGBM
2026-04-02 22:21:31,Exp9_Weather_Grid_Gridlags_48h_Delta,DK1,TARGET_Delta_48h,"['Weather', 'Grid', 'GridExchange', 'GridLags', 'GridExchangeLags', 'Time']",SUCCESS,44.6029,24.8585,0.2985,83.5238,118.8943,54.3901,70.35,CatBoost
2026-04-02 22:21:31,Exp9_Weather_Grid_Gridlags_48h_Delta,DK1,TARGET_Delta_48h,"['Weather', 'Grid', 'GridExchange', 'GridLags', 'GridExchangeLags', 'Time']",SUCCESS,47.4891,26.7978,0.2048,90.0395,120.1444,54.6614,778.21,RandomForest
2026-04-02 22:40:56,Exp10_Weather_WeatherLags_Grid_Gridlags_48h_Delta,DK1,TARGET_Delta_48h,"['Weather', 'WeatherLags', 'Grid', 'GridExchange', 'GridLags', 'GridExchangeLags', 'Time']",SUCCESS,45.8814,26.1364,0.2577,87.8175,118.2163,55.4108,60.1,XGBoost
2026-04-02 22:40:56,Exp10_Weather_WeatherLags_Grid_Gridlags_48h_Delta,DK1,TARGET_Delta_48h,"['Weather', 'WeatherLags', 'Grid', 'GridExchange', 'GridLags', 'GridExchangeLags', 'Time']",SUCCESS,45.7293,26.0679,0.2626,87.5873,118.8931,55.4986,39.46,LightGBM
2026-04-02 22:40:56,Exp10_Weather_WeatherLags_Grid_Gridlags_48h_Delta,DK1,TARGET_Delta_48h,"['Weather', 'WeatherLags', 'Grid', 'GridExchange', 'GridLags', 'GridExchangeLags', 'Time']",SUCCESS,44.6314,24.747,0.2976,83.1491,118.8153,54.225,78.68,CatBoost
2026-04-02 22:40:56,Exp10_Weather_WeatherLags_Grid_Gridlags_48h_Delta,DK1,TARGET_Delta_48h,"['Weather', 'WeatherLags', 'Grid', 'GridExchange', 'GridLags', 'GridExchangeLags', 'Time']",SUCCESS,47.13,26.6599,0.2168,89.5762,120.2554,54.5932,975.64,RandomForest
2026-04-02 22:58:12,Exp11_Weather_Grid_Gridlags_Prices_48h_Delta,DK1,TARGET_Delta_48h,"['Weather', 'Grid', 'GridExchange', 'GridLags', 'GridExchangeLags', 'Prices', 'Time']",SUCCESS,44.3366,24.97,0.3068,83.8983,114.2197,62.2754,53.39,XGBoost
2026-04-02 22:58:12,Exp11_Weather_Grid_Gridlags_Prices_48h_Delta,DK1,TARGET_Delta_48h,"['Weather', 'Grid', 'GridExchange', 'GridLags', 'GridExchangeLags', 'Prices', 'Time']",SUCCESS,44.2016,24.9643,0.3111,83.8791,114.3512,62.5126,36.7,LightGBM
2026-04-02 22:58:12,Exp11_Weather_Grid_Gridlags_Prices_48h_Delta,DK1,TARGET_Delta_48h,"['Weather', 'Grid', 'GridExchange', 'GridLags', 'GridExchangeLags', 'Prices', 'Time']",SUCCESS,42.791,23.9527,0.3543,80.4803,115.0204,62.7301,72.9,CatBoost
2026-04-02 22:58:12,Exp11_Weather_Grid_Gridlags_Prices_48h_Delta,DK1,TARGET_Delta_48h,"['Weather', 'Grid', 'GridExchange', 'GridLags', 'GridExchangeLags', 'Prices', 'Time']",SUCCESS,45.0683,25.1487,0.2838,84.4987,116.1731,60.7201,862.34,RandomForest
2026-04-02 23:19:10,Exp12_Weather_WeatherLags_Grid_Gridlags_Prices_48h_Delta,DK1,TARGET_Delta_48h,"['Weather', 'WeatherLags', 'Grid', 'GridExchange', 'GridLags', 'GridExchangeLags', 'Prices', 'Time']",SUCCESS,44.2904,24.9522,0.3083,83.8384,113.8184,62.3803,65.17,XGBoost
2026-04-02 23:19:10,Exp12_Weather_WeatherLags_Grid_Gridlags_Prices_48h_Delta,DK1,TARGET_Delta_48h,"['Weather', 'WeatherLags', 'Grid', 'GridExchange', 'GridLags', 'GridExchangeLags', 'Prices', 'Time']",SUCCESS,43.9012,24.7337,0.3204,83.1044,113.839,62.6043,42.56,LightGBM
2026-04-02 23:19:10,Exp12_Weather_WeatherLags_Grid_Gridlags_Prices_48h_Delta,DK1,TARGET_Delta_48h,"['Weather', 'WeatherLags', 'Grid', 'GridExchange', 'GridLags', 'GridExchangeLags', 'Prices', 'Time']",SUCCESS,42.9808,23.9976,0.3486,80.631,115.1178,62.8533,81.41,CatBoost
2026-04-02 23:19:10,Exp12_Weather_WeatherLags_Grid_Gridlags_Prices_48h_Delta,DK1,TARGET_Delta_48h,"['Weather', 'WeatherLags', 'Grid', 'GridExchange', 'GridLags', 'GridExchangeLags', 'Prices', 'Time']",SUCCESS,44.9171,25.0905,0.2886,84.3032,116.4108,60.7621,1056.7,RandomForest
2026-04-02 23:40:10,Exp13_Total_Information_48h_Delta,DK1,TARGET_Delta_48h,['All_Features'],SUCCESS,44.0888,24.9925,0.3146,83.9738,114.2469,62.7092,65.45,XGBoost
2026-04-02 23:40:10,Exp13_Total_Information_48h_Delta,DK1,TARGET_Delta_48h,['All_Features'],SUCCESS,44.002,24.9195,0.3173,83.7287,114.3553,63.0996,41.9,LightGBM
2026-04-02 23:40:10,Exp13_Total_Information_48h_Delta,DK1,TARGET_Delta_48h,['All_Features'],SUCCESS,42.5539,23.9461,0.3615,80.4579,115.0879,63.5608,81.75,CatBoost
2026-04-02 23:40:10,Exp13_Total_Information_48h_Delta,DK1,TARGET_Delta_48h,['All_Features'],SUCCESS,45.1994,25.5731,0.2796,85.9248,116.3617,61.3111,1058.07,RandomForest
2026-04-02 23:45:22,Exp1_Weather_Only_72h_Delta,DK1,TARGET_Delta_72h,"['Weather', 'Time']",SUCCESS,52.1253,28.3813,0.1593,89.2499,128.4646,55.1829,19.87,XGBoost
2026-04-02 23:45:22,Exp1_Weather_Only_72h_Delta,DK1,TARGET_Delta_72h,"['Weather', 'Time']",SUCCESS,52.2338,28.3845,0.1558,89.2598,129.3527,53.583,17.14,LightGBM
2026-04-02 23:45:22,Exp1_Weather_Only_72h_Delta,DK1,TARGET_Delta_72h,"['Weather', 'Time']",SUCCESS,51.9066,27.9627,0.1664,87.9334,128.0009,55.2208,48.05,CatBoost
2026-04-02 23:45:22,Exp1_Weather_Only_72h_Delta,DK1,TARGET_Delta_72h,"['Weather', 'Time']",SUCCESS,52.7649,28.7257,0.1386,90.3329,129.7293,52.008,222.81,RandomForest
2026-04-02 23:54:15,Exp2_Weather_WeatherLags_Only_72h_Delta,DK1,TARGET_Delta_72h,"['Weather', 'WeatherLags', 'Time']",SUCCESS,52.2478,28.4627,0.1554,89.5059,128.8266,54.8199,30.22,XGBoost
2026-04-02 23:54:15,Exp2_Weather_WeatherLags_Only_72h_Delta,DK1,TARGET_Delta_72h,"['Weather', 'WeatherLags', 'Time']",SUCCESS,52.2036,28.3921,0.1568,89.2839,129.3471,53.9852,21.09,LightGBM
2026-04-02 23:54:15,Exp2_Weather_WeatherLags_Only_72h_Delta,DK1,TARGET_Delta_72h,"['Weather', 'WeatherLags', 'Time']",SUCCESS,52.0317,28.0809,0.1623,88.3051,128.8574,54.9129,56.63,CatBoost
2026-04-02 23:54:15,Exp2_Weather_WeatherLags_Only_72h_Delta,DK1,TARGET_Delta_72h,"['Weather', 'WeatherLags', 'Time']",SUCCESS,52.7503,28.7876,0.139,90.5276,129.4519,51.9176,418.84,RandomForest
2026-04-03 00:00:58,Exp3_Weather_Prices_72h_Delta,DK1,TARGET_Delta_72h,"['Weather', 'Prices', 'Time']",SUCCESS,47.6154,26.4423,0.2985,83.1523,115.1443,63.4023,24.01,XGBoost
2026-04-03 00:00:58,Exp3_Weather_Prices_72h_Delta,DK1,TARGET_Delta_72h,"['Weather', 'Prices', 'Time']",SUCCESS,47.5218,26.4404,0.3013,83.1463,115.5627,63.4324,19.05,LightGBM
2026-04-03 00:00:58,Exp3_Weather_Prices_72h_Delta,DK1,TARGET_Delta_72h,"['Weather', 'Prices', 'Time']",SUCCESS,46.008,25.6239,0.3451,80.5788,116.2153,63.8203,50.32,CatBoost
2026-04-03 00:00:58,Exp3_Weather_Prices_72h_Delta,DK1,TARGET_Delta_72h,"['Weather', 'Prices', 'Time']",SUCCESS,48.6343,26.8639,0.2682,84.478,117.1222,61.6635,303.68,RandomForest
2026-04-03 00:11:09,Exp4_Weather_WeatherLags_Prices_72h_Delta,DK1,TARGET_Delta_72h,"['Weather', 'WeatherLags', 'Prices', 'Time']",SUCCESS,47.2241,26.3367,0.31,82.8201,115.1381,63.4351,34.95,XGBoost
2026-04-03 00:11:09,Exp4_Weather_WeatherLags_Prices_72h_Delta,DK1,TARGET_Delta_72h,"['Weather', 'WeatherLags', 'Prices', 'Time']",SUCCESS,47.396,26.3602,0.3049,82.8942,115.6064,63.8727,24.32,LightGBM
2026-04-03 00:11:09,Exp4_Weather_WeatherLags_Prices_72h_Delta,DK1,TARGET_Delta_72h,"['Weather', 'WeatherLags', 'Prices', 'Time']",SUCCESS,46.0541,25.557,0.3437,80.3683,116.2222,63.6067,59.0,CatBoost
2026-04-03 00:11:09,Exp4_Weather_WeatherLags_Prices_72h_Delta,DK1,TARGET_Delta_72h,"['Weather', 'WeatherLags', 'Prices', 'Time']",SUCCESS,48.3238,26.8535,0.2775,84.4455,117.1088,61.8103,486.31,RandomForest
2026-04-03 00:21:34,Exp5_Weather_Grid_72h_Delta,DK1,TARGET_Delta_72h,"['Weather', 'Grid', 'GridExchange', 'Time']",SUCCESS,48.9007,27.9252,0.2601,87.8155,117.5142,55.5746,34.28,XGBoost
2026-04-03 00:21:34,Exp5_Weather_Grid_72h_Delta,DK1,TARGET_Delta_72h,"['Weather', 'Grid', 'GridExchange', 'Time']",SUCCESS,48.5697,27.6529,0.2701,86.9592,117.7469,55.5275,25.78,LightGBM
2026-04-03 00:21:34,Exp5_Weather_Grid_72h_Delta,DK1,TARGET_Delta_72h,"['Weather', 'Grid', 'GridExchange', 'Time']",SUCCESS,47.4688,26.3516,0.3028,82.8671,118.0276,54.4321,59.07,CatBoost
2026-04-03 00:21:34,Exp5_Weather_Grid_72h_Delta,DK1,TARGET_Delta_72h,"['Weather', 'Grid', 'GridExchange', 'Time']",SUCCESS,50.3009,28.5611,0.2171,89.8154,119.7165,54.4111,498.05,RandomForest
2026-04-03 00:35:40,Exp6_Weather_WeatherLags_Grid_72h_Delta,DK1,TARGET_Delta_72h,"['Weather', 'WeatherLags', 'Grid', 'GridExchange', 'Time']",SUCCESS,48.8904,27.7887,0.2604,87.3862,117.7921,55.7581,45.36,XGBoost
2026-04-03 00:35:40,Exp6_Weather_WeatherLags_Grid_72h_Delta,DK1,TARGET_Delta_72h,"['Weather', 'WeatherLags', 'Grid', 'GridExchange', 'Time']",SUCCESS,48.6063,27.5887,0.269,86.7574,118.0781,55.6061,31.08,LightGBM
2026-04-03 00:35:40,Exp6_Weather_WeatherLags_Grid_72h_Delta,DK1,TARGET_Delta_72h,"['Weather', 'WeatherLags', 'Grid', 'GridExchange', 'Time']",SUCCESS,47.3779,26.2928,0.3055,82.6822,118.4352,54.3128,68.08,CatBoost
2026-04-03 00:35:40,Exp6_Weather_WeatherLags_Grid_72h_Delta,DK1,TARGET_Delta_72h,"['Weather', 'WeatherLags', 'Grid', 'GridExchange', 'Time']",SUCCESS,50.583,28.4736,0.2083,89.5402,119.7874,54.3233,691.82,RandomForest
2026-04-03 00:47:40,Exp7_Weather_Grid_Prices_72h_Delta,DK1,TARGET_Delta_72h,"['Weather', 'Grid', 'GridExchange', 'Prices', 'Time']",SUCCESS,46.7454,26.3078,0.3239,82.7293,113.5694,62.0409,38.69,XGBoost
2026-04-03 00:47:40,Exp7_Weather_Grid_Prices_72h_Delta,DK1,TARGET_Delta_72h,"['Weather', 'Grid', 'GridExchange', 'Prices', 'Time']",SUCCESS,46.6622,26.207,0.3263,82.4122,113.4437,62.3777,28.34,LightGBM
2026-04-03 00:47:40,Exp7_Weather_Grid_Prices_72h_Delta,DK1,TARGET_Delta_72h,"['Weather', 'Grid', 'GridExchange', 'Prices', 'Time']",SUCCESS,45.7109,25.3328,0.3535,79.6633,114.3408,62.3698,61.88,CatBoost
2026-04-03 00:47:40,Exp7_Weather_Grid_Prices_72h_Delta,DK1,TARGET_Delta_72h,"['Weather', 'Grid', 'GridExchange', 'Prices', 'Time']",SUCCESS,48.0907,26.7093,0.2844,83.9918,115.5585,61.353,583.12,RandomForest
2026-04-03 01:03:14,Exp8_Weather_WeatherLags_Grid_Prices_72h_Delta,DK1,TARGET_Delta_72h,"['Weather', 'WeatherLags', 'Grid', 'GridExchange', 'Prices', 'Time']",SUCCESS,46.8439,26.2011,0.321,82.3939,113.6294,62.2689,49.8,XGBoost
2026-04-03 01:03:14,Exp8_Weather_WeatherLags_Grid_Prices_72h_Delta,DK1,TARGET_Delta_72h,"['Weather', 'WeatherLags', 'Grid', 'GridExchange', 'Prices', 'Time']",SUCCESS,46.6212,26.1479,0.3275,82.2265,113.7603,62.6502,33.27,LightGBM
2026-04-03 01:03:14,Exp8_Weather_WeatherLags_Grid_Prices_72h_Delta,DK1,TARGET_Delta_72h,"['Weather', 'WeatherLags', 'Grid', 'GridExchange', 'Prices', 'Time']",SUCCESS,45.7943,25.4148,0.3511,79.9212,114.466,62.6148,70.1,CatBoost
2026-04-03 01:03:14,Exp8_Weather_WeatherLags_Grid_Prices_72h_Delta,DK1,TARGET_Delta_72h,"['Weather', 'WeatherLags', 'Grid', 'GridExchange', 'Prices', 'Time']",SUCCESS,47.967,26.6862,0.2881,83.9194,115.9115,61.0058,771.28,RandomForest
2026-04-03 01:18:55,Exp9_Weather_Grid_Gridlags_72h_Delta,DK1,TARGET_Delta_72h,"['Weather', 'Grid', 'GridExchange', 'GridLags', 'GridExchangeLags', 'Time']",SUCCESS,48.6756,27.7229,0.2669,87.1794,117.5387,55.6113,49.07,XGBoost
2026-04-03 01:18:55,Exp9_Weather_Grid_Gridlags_72h_Delta,DK1,TARGET_Delta_72h,"['Weather', 'Grid', 'GridExchange', 'GridLags', 'GridExchangeLags', 'Time']",SUCCESS,48.5371,27.6291,0.2711,86.8844,118.1479,55.2693,35.06,LightGBM
2026-04-03 01:18:55,Exp9_Weather_Grid_Gridlags_72h_Delta,DK1,TARGET_Delta_72h,"['Weather', 'Grid', 'GridExchange', 'GridLags', 'GridExchangeLags', 'Time']",SUCCESS,47.527,26.4157,0.3011,83.0688,118.7479,54.0927,70.64,CatBoost
2026-04-03 01:18:55,Exp9_Weather_Grid_Gridlags_72h_Delta,DK1,TARGET_Delta_72h,"['Weather', 'Grid', 'GridExchange', 'GridLags', 'GridExchangeLags', 'Time']",SUCCESS,49.932,28.3519,0.2286,89.1572,119.7977,54.5474,775.76,RandomForest
2026-04-03 01:38:13,Exp10_Weather_WeatherLags_Grid_Gridlags_72h_Delta,DK1,TARGET_Delta_72h,"['Weather', 'WeatherLags', 'Grid', 'GridExchange', 'GridLags', 'GridExchangeLags', 'Time']",SUCCESS,48.9454,27.7384,0.2588,87.2282,118.0888,55.2588,60.43,XGBoost
2026-04-03 01:38:13,Exp10_Weather_WeatherLags_Grid_Gridlags_72h_Delta,DK1,TARGET_Delta_72h,"['Weather', 'WeatherLags', 'Grid', 'GridExchange', 'GridLags', 'GridExchangeLags', 'Time']",SUCCESS,48.3935,27.6375,0.2754,86.9108,118.3117,55.7384,40.15,LightGBM
2026-04-03 01:38:13,Exp10_Weather_WeatherLags_Grid_Gridlags_72h_Delta,DK1,TARGET_Delta_72h,"['Weather', 'WeatherLags', 'Grid', 'GridExchange', 'GridLags', 'GridExchangeLags', 'Time']",SUCCESS,47.3576,26.317,0.3061,82.7582,118.71,54.3534,79.21,CatBoost
2026-04-03 01:38:13,Exp10_Weather_WeatherLags_Grid_Gridlags_72h_Delta,DK1,TARGET_Delta_72h,"['Weather', 'WeatherLags', 'Grid', 'GridExchange', 'GridLags', 'GridExchangeLags', 'Time']",SUCCESS,50.1846,28.3269,0.2208,89.0788,119.8508,54.3757,966.65,RandomForest
2026-04-03 01:55:31,Exp11_Weather_Grid_Gridlags_Prices_72h_Delta,DK1,TARGET_Delta_72h,"['Weather', 'Grid', 'GridExchange', 'GridLags', 'GridExchangeLags', 'Prices', 'Time']",SUCCESS,47.1435,26.3945,0.3123,83.0021,113.423,62.071,53.62,XGBoost
2026-04-03 01:55:31,Exp11_Weather_Grid_Gridlags_Prices_72h_Delta,DK1,TARGET_Delta_72h,"['Weather', 'Grid', 'GridExchange', 'GridLags', 'GridExchangeLags', 'Prices', 'Time']",SUCCESS,46.8363,26.2504,0.3213,82.5487,113.1683,62.2899,41.47,LightGBM
2026-04-03 01:55:31,Exp11_Weather_Grid_Gridlags_Prices_72h_Delta,DK1,TARGET_Delta_72h,"['Weather', 'Grid', 'GridExchange', 'GridLags', 'GridExchangeLags', 'Prices', 'Time']",SUCCESS,45.5174,25.2298,0.359,79.3394,114.1596,62.641,73.4,CatBoost
2026-04-03 01:55:31,Exp11_Weather_Grid_Gridlags_Prices_72h_Delta,DK1,TARGET_Delta_72h,"['Weather', 'Grid', 'GridExchange', 'GridLags', 'GridExchangeLags', 'Prices', 'Time']",SUCCESS,48.183,26.7197,0.2817,84.0247,115.5897,61.0556,858.76,RandomForest
2026-04-03 02:16:22,Exp12_Weather_WeatherLags_Grid_Gridlags_Prices_72h_Delta,DK1,TARGET_Delta_72h,"['Weather', 'WeatherLags', 'Grid', 'GridExchange', 'GridLags', 'GridExchangeLags', 'Prices', 'Time']",SUCCESS,46.3195,26.1548,0.3362,82.2483,113.8416,61.9046,65.77,XGBoost
2026-04-03 02:16:22,Exp12_Weather_WeatherLags_Grid_Gridlags_Prices_72h_Delta,DK1,TARGET_Delta_72h,"['Weather', 'WeatherLags', 'Grid', 'GridExchange', 'GridLags', 'GridExchangeLags', 'Prices', 'Time']",SUCCESS,46.629,26.2064,0.3273,82.4103,114.0853,62.3908,42.41,LightGBM
2026-04-03 02:16:22,Exp12_Weather_WeatherLags_Grid_Gridlags_Prices_72h_Delta,DK1,TARGET_Delta_72h,"['Weather', 'WeatherLags', 'Grid', 'GridExchange', 'GridLags', 'GridExchangeLags', 'Prices', 'Time']",SUCCESS,45.3631,25.179,0.3633,79.1795,114.4847,62.3514,80.96,CatBoost
2026-04-03 02:16:22,Exp12_Weather_WeatherLags_Grid_Gridlags_Prices_72h_Delta,DK1,TARGET_Delta_72h,"['Weather', 'WeatherLags', 'Grid', 'GridExchange', 'GridLags', 'GridExchangeLags', 'Prices', 'Time']",SUCCESS,47.972,26.7009,0.2879,83.9654,115.8218,61.298,1049.95,RandomForest
2026-04-03 02:37:29,Exp13_Total_Information_72h_Delta,DK1,TARGET_Delta_72h,['All_Features'],SUCCESS,46.6378,26.3931,0.327,82.9975,113.9786,62.9332,66.68,XGBoost
2026-04-03 02:37:29,Exp13_Total_Information_72h_Delta,DK1,TARGET_Delta_72h,['All_Features'],SUCCESS,46.891,26.3754,0.3197,82.942,113.879,63.1022,44.63,LightGBM
2026-04-03 02:37:29,Exp13_Total_Information_72h_Delta,DK1,TARGET_Delta_72h,['All_Features'],SUCCESS,45.3621,25.3347,0.3633,79.6692,115.2876,62.7917,81.92,CatBoost
2026-04-03 02:37:29,Exp13_Total_Information_72h_Delta,DK1,TARGET_Delta_72h,['All_Features'],SUCCESS,48.2851,27.0461,0.2786,85.0511,116.2275,61.3202,1060.91,RandomForest
2026-04-03 02:42:40,Exp1_Weather_Only_96h_Delta,DK1,TARGET_Delta_96h,"['Weather', 'Time']",SUCCESS,54.2705,29.6815,0.1522,89.7308,130.5602,54.5605,19.69,XGBoost
2026-04-03 02:42:40,Exp1_Weather_Only_96h_Delta,DK1,TARGET_Delta_96h,"['Weather', 'Time']",SUCCESS,54.3996,29.6742,0.1481,89.7088,131.274,53.4638,16.86,LightGBM
2026-04-03 02:42:40,Exp1_Weather_Only_96h_Delta,DK1,TARGET_Delta_96h,"['Weather', 'Time']",SUCCESS,53.893,29.1408,0.1639,88.0962,129.6612,54.8173,47.75,CatBoost
2026-04-03 02:42:40,Exp1_Weather_Only_96h_Delta,DK1,TARGET_Delta_96h,"['Weather', 'Time']",SUCCESS,54.8395,29.9955,0.1343,90.6799,131.9243,52.3264,221.86,RandomForest
2026-04-03 02:51:31,Exp2_Weather_WeatherLags_Only_96h_Delta,DK1,TARGET_Delta_96h,"['Weather', 'WeatherLags', 'Time']",SUCCESS,54.238,29.5946,0.1532,89.4681,130.0815,54.6692,29.61,XGBoost
2026-04-03 02:51:31,Exp2_Weather_WeatherLags_Only_96h_Delta,DK1,TARGET_Delta_96h,"['Weather', 'WeatherLags', 'Time']",SUCCESS,54.3554,29.7012,0.1495,89.7903,131.2196,53.828,20.9,LightGBM
2026-04-03 02:51:31,Exp2_Weather_WeatherLags_Only_96h_Delta,DK1,TARGET_Delta_96h,"['Weather', 'WeatherLags', 'Time']",SUCCESS,54.0034,29.2434,0.1605,88.4064,130.4909,54.6234,56.42,CatBoost
2026-04-03 02:51:31,Exp2_Weather_WeatherLags_Only_96h_Delta,DK1,TARGET_Delta_96h,"['Weather', 'WeatherLags', 'Time']",SUCCESS,54.6404,29.9154,0.1406,90.4379,132.0555,51.9373,417.31,RandomForest
2026-04-03 02:58:04,Exp3_Weather_Prices_96h_Delta,DK1,TARGET_Delta_96h,"['Weather', 'Prices', 'Time']",SUCCESS,49.2978,27.5585,0.3004,83.3126,116.543,63.9683,23.75,XGBoost
2026-04-03 02:58:04,Exp3_Weather_Prices_96h_Delta,DK1,TARGET_Delta_96h,"['Weather', 'Prices', 'Time']",SUCCESS,49.0456,27.538,0.3076,83.2507,116.856,63.7508,18.37,LightGBM
2026-04-03 02:58:04,Exp3_Weather_Prices_96h_Delta,DK1,TARGET_Delta_96h,"['Weather', 'Prices', 'Time']",SUCCESS,47.3108,26.3537,0.3557,79.6704,116.535,63.9605,50.49,CatBoost
2026-04-03 02:58:04,Exp3_Weather_Prices_96h_Delta,DK1,TARGET_Delta_96h,"['Weather', 'Prices', 'Time']",SUCCESS,49.0361,27.3017,0.3078,82.5365,117.7428,61.1617,295.65,RandomForest
2026-04-03 03:08:10,Exp4_Weather_WeatherLags_Prices_96h_Delta,DK1,TARGET_Delta_96h,"['Weather', 'WeatherLags', 'Prices', 'Time']",SUCCESS,48.5965,27.1472,0.3202,82.0694,115.6995,63.8426,34.01,XGBoost
2026-04-03 03:08:10,Exp4_Weather_WeatherLags_Prices_96h_Delta,DK1,TARGET_Delta_96h,"['Weather', 'WeatherLags', 'Prices', 'Time']",SUCCESS,48.8885,27.2278,0.312,82.3128,116.054,63.9212,23.8,LightGBM
2026-04-03 03:08:10,Exp4_Weather_WeatherLags_Prices_96h_Delta,DK1,TARGET_Delta_96h,"['Weather', 'WeatherLags', 'Prices', 'Time']",SUCCESS,47.0695,26.1956,0.3622,79.1924,116.1829,64.199,58.43,CatBoost
2026-04-03 03:08:10,Exp4_Weather_WeatherLags_Prices_96h_Delta,DK1,TARGET_Delta_96h,"['Weather', 'WeatherLags', 'Prices', 'Time']",SUCCESS,49.5384,27.5134,0.2936,83.1765,118.1182,60.9783,482.89,RandomForest
2026-04-03 03:18:34,Exp5_Weather_Grid_96h_Delta,DK1,TARGET_Delta_96h,"['Weather', 'Grid', 'GridExchange', 'Time']",SUCCESS,50.9551,28.7515,0.2526,86.9192,118.1559,55.935,33.61,XGBoost
2026-04-03 03:18:34,Exp5_Weather_Grid_96h_Delta,DK1,TARGET_Delta_96h,"['Weather', 'Grid', 'GridExchange', 'Time']",SUCCESS,50.7128,28.5696,0.2597,86.3695,118.1814,55.8223,26.21,LightGBM
2026-04-03 03:18:34,Exp5_Weather_Grid_96h_Delta,DK1,TARGET_Delta_96h,"['Weather', 'Grid', 'GridExchange', 'Time']",SUCCESS,49.0334,27.1769,0.3079,82.1591,118.5249,54.4635,59.64,CatBoost
2026-04-03 03:18:34,Exp5_Weather_Grid_96h_Delta,DK1,TARGET_Delta_96h,"['Weather', 'Grid', 'GridExchange', 'Time']",SUCCESS,52.8611,29.603,0.1956,89.4935,120.9729,54.7465,496.96,RandomForest
2026-04-03 03:32:45,Exp6_Weather_WeatherLags_Grid_96h_Delta,DK1,TARGET_Delta_96h,"['Weather', 'WeatherLags', 'Grid', 'GridExchange', 'Time']",SUCCESS,50.8158,28.6502,0.2567,86.6129,118.078,55.6926,45.03,XGBoost
2026-04-03 03:32:45,Exp6_Weather_WeatherLags_Grid_96h_Delta,DK1,TARGET_Delta_96h,"['Weather', 'WeatherLags', 'Grid', 'GridExchange', 'Time']",SUCCESS,50.4184,28.2974,0.2683,85.5465,118.0378,55.9664,31.13,LightGBM
2026-04-03 03:32:45,Exp6_Weather_WeatherLags_Grid_96h_Delta,DK1,TARGET_Delta_96h,"['Weather', 'WeatherLags', 'Grid', 'GridExchange', 'Time']",SUCCESS,49.1881,27.2266,0.3035,82.3095,118.5914,54.3993,67.79,CatBoost
2026-04-03 03:32:45,Exp6_Weather_WeatherLags_Grid_96h_Delta,DK1,TARGET_Delta_96h,"['Weather', 'WeatherLags', 'Grid', 'GridExchange', 'Time']",SUCCESS,52.408,29.4219,0.2094,88.946,121.3169,54.7387,697.8,RandomForest
2026-04-03 03:44:35,Exp7_Weather_Grid_Prices_96h_Delta,DK1,TARGET_Delta_96h,"['Weather', 'Grid', 'GridExchange', 'Prices', 'Time']",SUCCESS,48.6595,27.2731,0.3184,82.4498,113.8667,62.7288,38.34,XGBoost
2026-04-03 03:44:35,Exp7_Weather_Grid_Prices_96h_Delta,DK1,TARGET_Delta_96h,"['Weather', 'Grid', 'GridExchange', 'Prices', 'Time']",SUCCESS,48.412,27.1679,0.3253,82.1319,114.2252,63.0249,27.74,LightGBM
2026-04-03 03:44:35,Exp7_Weather_Grid_Prices_96h_Delta,DK1,TARGET_Delta_96h,"['Weather', 'Grid', 'GridExchange', 'Prices', 'Time']",SUCCESS,46.8519,26.0711,0.3681,78.8162,114.436,63.0787,61.1,CatBoost
2026-04-03 03:44:35,Exp7_Weather_Grid_Prices_96h_Delta,DK1,TARGET_Delta_96h,"['Weather', 'Grid', 'GridExchange', 'Prices', 'Time']",SUCCESS,48.7796,27.1938,0.3151,82.2103,116.7695,60.5288,575.15,RandomForest
2026-04-03 04:00:03,Exp8_Weather_WeatherLags_Grid_Prices_96h_Delta,DK1,TARGET_Delta_96h,"['Weather', 'WeatherLags', 'Grid', 'GridExchange', 'Prices', 'Time']",SUCCESS,48.5052,27.2316,0.3227,82.3245,114.0208,62.6843,49.76,XGBoost
2026-04-03 04:00:03,Exp8_Weather_WeatherLags_Grid_Prices_96h_Delta,DK1,TARGET_Delta_96h,"['Weather', 'WeatherLags', 'Grid', 'GridExchange', 'Prices', 'Time']",SUCCESS,48.4607,27.153,0.324,82.087,114.1601,63.1966,33.58,LightGBM
2026-04-03 04:00:03,Exp8_Weather_WeatherLags_Grid_Prices_96h_Delta,DK1,TARGET_Delta_96h,"['Weather', 'WeatherLags', 'Grid', 'GridExchange', 'Prices', 'Time']",SUCCESS,46.7968,25.9241,0.3696,78.3717,114.2086,63.3682,69.37,CatBoost
2026-04-03 04:00:03,Exp8_Weather_WeatherLags_Grid_Prices_96h_Delta,DK1,TARGET_Delta_96h,"['Weather', 'WeatherLags', 'Grid', 'GridExchange', 'Prices', 'Time']",SUCCESS,48.9452,27.2392,0.3104,82.3474,116.7221,60.4188,765.34,RandomForest
2026-04-03 04:15:44,Exp9_Weather_Grid_Gridlags_96h_Delta,DK1,TARGET_Delta_96h,"['Weather', 'Grid', 'GridExchange', 'GridLags', 'GridExchangeLags', 'Time']",SUCCESS,50.5057,28.5293,0.2657,86.2474,117.935,55.7961,48.92,XGBoost
2026-04-03 04:15:44,Exp9_Weather_Grid_Gridlags_96h_Delta,DK1,TARGET_Delta_96h,"['Weather', 'Grid', 'GridExchange', 'GridLags', 'GridExchangeLags', 'Time']",SUCCESS,50.2677,28.2934,0.2726,85.5344,118.2886,55.5917,34.76,LightGBM
2026-04-03 04:15:44,Exp9_Weather_Grid_Gridlags_96h_Delta,DK1,TARGET_Delta_96h,"['Weather', 'Grid', 'GridExchange', 'GridLags', 'GridExchangeLags', 'Time']",SUCCESS,49.134,27.1913,0.3051,82.2025,118.9285,54.039,70.22,CatBoost
2026-04-03 04:15:44,Exp9_Weather_Grid_Gridlags_96h_Delta,DK1,TARGET_Delta_96h,"['Weather', 'Grid', 'GridExchange', 'GridLags', 'GridExchangeLags', 'Time']",SUCCESS,52.3602,29.3858,0.2108,88.8368,121.0314,54.8173,776.9,RandomForest
2026-04-03 04:35:03,Exp10_Weather_WeatherLags_Grid_Gridlags_96h_Delta,DK1,TARGET_Delta_96h,"['Weather', 'WeatherLags', 'Grid', 'GridExchange', 'GridLags', 'GridExchangeLags', 'Time']",SUCCESS,50.438,28.5237,0.2677,86.2306,117.9137,55.4266,60.37,XGBoost
2026-04-03 04:35:03,Exp10_Weather_WeatherLags_Grid_Gridlags_96h_Delta,DK1,TARGET_Delta_96h,"['Weather', 'WeatherLags', 'Grid', 'GridExchange', 'GridLags', 'GridExchangeLags', 'Time']",SUCCESS,50.1008,28.2604,0.2775,85.4346,118.1608,55.7895,40.04,LightGBM
2026-04-03 04:35:03,Exp10_Weather_WeatherLags_Grid_Gridlags_96h_Delta,DK1,TARGET_Delta_96h,"['Weather', 'WeatherLags', 'Grid', 'GridExchange', 'GridLags', 'GridExchangeLags', 'Time']",SUCCESS,48.9333,27.0515,0.3107,81.7801,118.6676,54.6076,78.23,CatBoost
2026-04-03 04:35:03,Exp10_Weather_WeatherLags_Grid_Gridlags_96h_Delta,DK1,TARGET_Delta_96h,"['Weather', 'WeatherLags', 'Grid', 'GridExchange', 'GridLags', 'GridExchangeLags', 'Time']",SUCCESS,51.9159,29.2753,0.2242,88.5029,121.1175,54.5447,969.41,RandomForest
2026-04-03 04:52:14,Exp11_Weather_Grid_Gridlags_Prices_96h_Delta,DK1,TARGET_Delta_96h,"['Weather', 'Grid', 'GridExchange', 'GridLags', 'GridExchangeLags', 'Prices', 'Time']",SUCCESS,48.4326,27.1182,0.3248,81.9817,113.6577,62.7301,53.36,XGBoost
2026-04-03 04:52:14,Exp11_Weather_Grid_Gridlags_Prices_96h_Delta,DK1,TARGET_Delta_96h,"['Weather', 'Grid', 'GridExchange', 'GridLags', 'GridExchangeLags', 'Prices', 'Time']",SUCCESS,48.1539,27.0067,0.3325,81.6447,113.7803,63.0616,37.26,LightGBM
2026-04-03 04:52:14,Exp11_Weather_Grid_Gridlags_Prices_96h_Delta,DK1,TARGET_Delta_96h,"['Weather', 'Grid', 'GridExchange', 'GridLags', 'GridExchangeLags', 'Prices', 'Time']",SUCCESS,46.7797,25.9917,0.3701,78.576,114.358,63.1992,72.52,CatBoost
2026-04-03 04:52:14,Exp11_Weather_Grid_Gridlags_Prices_96h_Delta,DK1,TARGET_Delta_96h,"['Weather', 'Grid', 'GridExchange', 'GridLags', 'GridExchangeLags', 'Prices', 'Time']",SUCCESS,48.4804,27.1418,0.3234,82.0531,116.4168,60.1973,856.77,RandomForest
2026-04-03 05:12:54,Exp12_Weather_WeatherLags_Grid_Gridlags_Prices_96h_Delta,DK1,TARGET_Delta_96h,"['Weather', 'WeatherLags', 'Grid', 'GridExchange', 'GridLags', 'GridExchangeLags', 'Prices', 'Time']",SUCCESS,48.2171,27.0186,0.3308,81.6806,113.8287,62.586,65.2,XGBoost
2026-04-03 05:12:54,Exp12_Weather_WeatherLags_Grid_Gridlags_Prices_96h_Delta,DK1,TARGET_Delta_96h,"['Weather', 'WeatherLags', 'Grid', 'GridExchange', 'GridLags', 'GridExchangeLags', 'Prices', 'Time']",SUCCESS,48.0717,27.009,0.3348,81.6514,114.1768,62.8258,42.07,LightGBM
2026-04-03 05:12:54,Exp12_Weather_WeatherLags_Grid_Gridlags_Prices_96h_Delta,DK1,TARGET_Delta_96h,"['Weather', 'WeatherLags', 'Grid', 'GridExchange', 'GridLags', 'GridExchangeLags', 'Prices', 'Time']",SUCCESS,46.7214,25.8664,0.3716,78.1974,114.3642,63.4193,80.83,CatBoost
2026-04-03 05:12:54,Exp12_Weather_WeatherLags_Grid_Gridlags_Prices_96h_Delta,DK1,TARGET_Delta_96h,"['Weather', 'WeatherLags', 'Grid', 'GridExchange', 'GridLags', 'GridExchangeLags', 'Prices', 'Time']",SUCCESS,48.9316,27.2942,0.3108,82.5137,116.5646,60.2851,1039.81,RandomForest
2026-04-03 05:33:44,Exp13_Total_Information_96h_Delta,DK1,TARGET_Delta_96h,['All_Features'],SUCCESS,48.3483,27.1704,0.3271,82.1395,113.7739,63.3263,64.95,XGBoost
2026-04-03 05:33:44,Exp13_Total_Information_96h_Delta,DK1,TARGET_Delta_96h,['All_Features'],SUCCESS,48.1288,27.057,0.3332,81.7966,113.5844,63.3564,42.03,LightGBM
2026-04-03 05:33:44,Exp13_Total_Information_96h_Delta,DK1,TARGET_Delta_96h,['All_Features'],SUCCESS,46.5552,25.9563,0.3761,78.4692,114.7963,63.5189,81.75,CatBoost
2026-04-03 05:33:44,Exp13_Total_Information_96h_Delta,DK1,TARGET_Delta_96h,['All_Features'],SUCCESS,49.0502,27.4296,0.3074,82.923,115.341,61.5469,1048.69,RandomForest
2026-04-03 05:38:53,Exp1_Weather_Only_120h_Delta,DK1,TARGET_Delta_120h,"['Weather', 'Time']",SUCCESS,54.5882,30.1253,0.1487,89.8252,131.2665,54.3836,19.56,XGBoost
2026-04-03 05:38:53,Exp1_Weather_Only_120h_Delta,DK1,TARGET_Delta_120h,"['Weather', 'Time']",SUCCESS,54.5151,30.0755,0.151,89.6767,131.7518,52.8401,16.85,LightGBM
2026-04-03 05:38:53,Exp1_Weather_Only_120h_Delta,DK1,TARGET_Delta_120h,"['Weather', 'Time']",SUCCESS,54.1998,29.6354,0.1608,88.3645,130.4771,54.7098,47.95,CatBoost
2026-04-03 05:38:53,Exp1_Weather_Only_120h_Delta,DK1,TARGET_Delta_120h,"['Weather', 'Time']",SUCCESS,54.8295,30.2704,0.1411,90.2578,132.7018,50.9454,220.16,RandomForest
2026-04-03 05:47:43,Exp2_Weather_WeatherLags_Only_120h_Delta,DK1,TARGET_Delta_120h,"['Weather', 'WeatherLags', 'Time']",SUCCESS,54.6537,30.1795,0.1466,89.9869,131.3948,54.5081,29.49,XGBoost
2026-04-03 05:47:43,Exp2_Weather_WeatherLags_Only_120h_Delta,DK1,TARGET_Delta_120h,"['Weather', 'WeatherLags', 'Time']",SUCCESS,54.4853,30.1267,0.1519,89.8295,131.7353,53.4022,20.74,LightGBM
2026-04-03 05:47:43,Exp2_Weather_WeatherLags_Only_120h_Delta,DK1,TARGET_Delta_120h,"['Weather', 'WeatherLags', 'Time']",SUCCESS,54.24,29.6941,0.1595,88.5396,130.6674,54.6076,56.43,CatBoost
2026-04-03 05:47:43,Exp2_Weather_WeatherLags_Only_120h_Delta,DK1,TARGET_Delta_120h,"['Weather', 'WeatherLags', 'Time']",SUCCESS,54.7563,30.2752,0.1434,90.2722,132.6094,50.5981,416.49,RandomForest
2026-04-03 05:54:20,Exp3_Weather_Prices_120h_Delta,DK1,TARGET_Delta_120h,"['Weather', 'Prices', 'Time']",SUCCESS,49.3945,27.6577,0.303,82.4674,115.5558,63.7862,23.79,XGBoost
2026-04-03 05:54:20,Exp3_Weather_Prices_120h_Delta,DK1,TARGET_Delta_120h,"['Weather', 'Prices', 'Time']",SUCCESS,49.1747,27.4958,0.3092,81.9849,115.629,63.8517,18.94,LightGBM
2026-04-03 05:54:20,Exp3_Weather_Prices_120h_Delta,DK1,TARGET_Delta_120h,"['Weather', 'Prices', 'Time']",SUCCESS,47.2303,26.3935,0.3627,78.698,115.9145,64.1531,50.05,CatBoost
2026-04-03 05:54:20,Exp3_Weather_Prices_120h_Delta,DK1,TARGET_Delta_120h,"['Weather', 'Prices', 'Time']",SUCCESS,50.0886,27.8567,0.2832,83.0609,117.432,62.1641,299.23,RandomForest
2026-04-03 06:04:27,Exp4_Weather_WeatherLags_Prices_120h_Delta,DK1,TARGET_Delta_120h,"['Weather', 'WeatherLags', 'Prices', 'Time']",SUCCESS,49.5697,27.6218,0.298,82.3605,115.2407,64.0391,34.3,XGBoost
2026-04-03 06:04:27,Exp4_Weather_WeatherLags_Prices_120h_Delta,DK1,TARGET_Delta_120h,"['Weather', 'WeatherLags', 'Prices', 'Time']",SUCCESS,49.3023,27.4526,0.3056,81.856,115.2188,64.254,24.68,LightGBM
2026-04-03 06:04:27,Exp4_Weather_WeatherLags_Prices_120h_Delta,DK1,TARGET_Delta_120h,"['Weather', 'WeatherLags', 'Prices', 'Time']",SUCCESS,46.9889,26.2485,0.3692,78.2656,115.3949,64.5645,58.25,CatBoost
2026-04-03 06:04:27,Exp4_Weather_WeatherLags_Prices_120h_Delta,DK1,TARGET_Delta_120h,"['Weather', 'WeatherLags', 'Prices', 'Time']",SUCCESS,50.0522,27.8255,0.2843,82.9678,117.2389,61.5548,482.48,RandomForest
2026-04-03 06:14:48,Exp5_Weather_Grid_120h_Delta,DK1,TARGET_Delta_120h,"['Weather', 'Grid', 'GridExchange', 'Time']",SUCCESS,51.2939,29.1072,0.2483,86.7897,118.2899,55.4357,33.91,XGBoost
2026-04-03 06:14:48,Exp5_Weather_Grid_120h_Delta,DK1,TARGET_Delta_120h,"['Weather', 'Grid', 'GridExchange', 'Time']",SUCCESS,51.1972,28.9928,0.2512,86.4483,118.8339,55.5812,25.66,LightGBM
2026-04-03 06:14:48,Exp5_Weather_Grid_120h_Delta,DK1,TARGET_Delta_120h,"['Weather', 'Grid', 'GridExchange', 'Time']",SUCCESS,49.4935,27.6214,0.3002,82.3592,119.2952,54.3993,58.51,CatBoost
2026-04-03 06:14:48,Exp5_Weather_Grid_120h_Delta,DK1,TARGET_Delta_120h,"['Weather', 'Grid', 'GridExchange', 'Time']",SUCCESS,53.3288,30.1103,0.1875,89.7806,121.6376,54.2368,495.85,RandomForest
2026-04-03 06:28:50,Exp6_Weather_WeatherLags_Grid_120h_Delta,DK1,TARGET_Delta_120h,"['Weather', 'WeatherLags', 'Grid', 'GridExchange', 'Time']",SUCCESS,51.6544,29.25,0.2377,87.2153,118.2301,55.7253,45.82,XGBoost
2026-04-03 06:28:50,Exp6_Weather_WeatherLags_Grid_120h_Delta,DK1,TARGET_Delta_120h,"['Weather', 'WeatherLags', 'Grid', 'GridExchange', 'Time']",SUCCESS,51.0801,28.9665,0.2546,86.3699,118.6743,55.572,31.15,LightGBM
2026-04-03 06:28:50,Exp6_Weather_WeatherLags_Grid_120h_Delta,DK1,TARGET_Delta_120h,"['Weather', 'WeatherLags', 'Grid', 'GridExchange', 'Time']",SUCCESS,49.4388,27.5899,0.3017,82.2653,118.9763,54.2905,67.51,CatBoost
2026-04-03 06:28:50,Exp6_Weather_WeatherLags_Grid_120h_Delta,DK1,TARGET_Delta_120h,"['Weather', 'WeatherLags', 'Grid', 'GridExchange', 'Time']",SUCCESS,54.4473,30.3575,0.1531,90.5177,121.5217,54.0272,688.77,RandomForest
2026-04-03 06:40:48,Exp7_Weather_Grid_Prices_120h_Delta,DK1,TARGET_Delta_120h,"['Weather', 'Grid', 'GridExchange', 'Prices', 'Time']",SUCCESS,49.0172,27.4648,0.3136,81.8923,113.3886,62.8336,38.36,XGBoost
2026-04-03 06:40:48,Exp7_Weather_Grid_Prices_120h_Delta,DK1,TARGET_Delta_120h,"['Weather', 'Grid', 'GridExchange', 'Prices', 'Time']",SUCCESS,49.0794,27.4027,0.3118,81.7073,113.2161,63.1337,28.11,LightGBM
2026-04-03 06:40:48,Exp7_Weather_Grid_Prices_120h_Delta,DK1,TARGET_Delta_120h,"['Weather', 'Grid', 'GridExchange', 'Prices', 'Time']",SUCCESS,47.1938,26.274,0.3637,78.3418,113.8352,63.4351,61.3,CatBoost
2026-04-03 06:40:48,Exp7_Weather_Grid_Prices_120h_Delta,DK1,TARGET_Delta_120h,"['Weather', 'Grid', 'GridExchange', 'Prices', 'Time']",SUCCESS,49.5466,27.6666,0.2987,82.494,116.0915,61.5744,582.2,RandomForest
2026-04-03 06:56:19,Exp8_Weather_WeatherLags_Grid_Prices_120h_Delta,DK1,TARGET_Delta_120h,"['Weather', 'WeatherLags', 'Grid', 'GridExchange', 'Prices', 'Time']",SUCCESS,49.3941,27.4908,0.303,81.9699,112.8723,62.8546,49.73,XGBoost
2026-04-03 06:56:19,Exp8_Weather_WeatherLags_Grid_Prices_120h_Delta,DK1,TARGET_Delta_120h,"['Weather', 'WeatherLags', 'Grid', 'GridExchange', 'Prices', 'Time']",SUCCESS,48.7441,27.2787,0.3212,81.3374,112.9633,63.1009,33.39,LightGBM
2026-04-03 06:56:19,Exp8_Weather_WeatherLags_Grid_Prices_120h_Delta,DK1,TARGET_Delta_120h,"['Weather', 'WeatherLags', 'Grid', 'GridExchange', 'Prices', 'Time']",SUCCESS,46.9001,26.2231,0.3716,78.19,114.3147,63.3486,69.33,CatBoost
2026-04-03 06:56:19,Exp8_Weather_WeatherLags_Grid_Prices_120h_Delta,DK1,TARGET_Delta_120h,"['Weather', 'WeatherLags', 'Grid', 'GridExchange', 'Prices', 'Time']",SUCCESS,49.4544,27.5627,0.3013,82.1841,115.8862,61.4736,768.62,RandomForest
2026-04-03 07:11:53,Exp9_Weather_Grid_Gridlags_120h_Delta,DK1,TARGET_Delta_120h,"['Weather', 'Grid', 'GridExchange', 'GridLags', 'GridExchangeLags', 'Time']",SUCCESS,51.0734,29.1009,0.2548,86.7707,118.529,55.2772,48.73,XGBoost
2026-04-03 07:11:53,Exp9_Weather_Grid_Gridlags_120h_Delta,DK1,TARGET_Delta_120h,"['Weather', 'Grid', 'GridExchange', 'GridLags', 'GridExchangeLags', 'Time']",SUCCESS,50.8826,28.9985,0.2603,86.4656,118.3251,55.3178,34.81,LightGBM
2026-04-03 07:11:53,Exp9_Weather_Grid_Gridlags_120h_Delta,DK1,TARGET_Delta_120h,"['Weather', 'Grid', 'GridExchange', 'GridLags', 'GridExchangeLags', 'Time']",SUCCESS,49.4121,27.598,0.3025,82.2896,119.1496,53.8097,70.15,CatBoost
2026-04-03 07:11:53,Exp9_Weather_Grid_Gridlags_120h_Delta,DK1,TARGET_Delta_120h,"['Weather', 'Grid', 'GridExchange', 'GridLags', 'GridExchangeLags', 'Time']",SUCCESS,52.3138,29.7027,0.2181,88.5653,121.6342,54.1281,770.89,RandomForest
2026-04-03 07:31:16,Exp10_Weather_WeatherLags_Grid_Gridlags_120h_Delta,DK1,TARGET_Delta_120h,"['Weather', 'WeatherLags', 'Grid', 'GridExchange', 'GridLags', 'GridExchangeLags', 'Time']",SUCCESS,51.2567,29.1471,0.2494,86.9086,118.5951,55.2143,60.15,XGBoost
2026-04-03 07:31:16,Exp10_Weather_WeatherLags_Grid_Gridlags_120h_Delta,DK1,TARGET_Delta_120h,"['Weather', 'WeatherLags', 'Grid', 'GridExchange', 'GridLags', 'GridExchangeLags', 'Time']",SUCCESS,51.2419,29.1561,0.2499,86.9354,118.594,55.1815,40.15,LightGBM
2026-04-03 07:31:16,Exp10_Weather_WeatherLags_Grid_Gridlags_120h_Delta,DK1,TARGET_Delta_120h,"['Weather', 'WeatherLags', 'Grid', 'GridExchange', 'GridLags', 'GridExchangeLags', 'Time']",SUCCESS,49.6285,27.7248,0.2964,82.6675,119.8883,53.7402,79.19,CatBoost
2026-04-03 07:31:16,Exp10_Weather_WeatherLags_Grid_Gridlags_120h_Delta,DK1,TARGET_Delta_120h,"['Weather', 'WeatherLags', 'Grid', 'GridExchange', 'GridLags', 'GridExchangeLags', 'Time']",SUCCESS,52.8791,29.9496,0.2012,89.3015,121.5656,54.1726,972.12,RandomForest
2026-04-03 07:48:36,Exp11_Weather_Grid_Gridlags_Prices_120h_Delta,DK1,TARGET_Delta_120h,"['Weather', 'Grid', 'GridExchange', 'GridLags', 'GridExchangeLags', 'Prices', 'Time']",SUCCESS,49.2661,27.5112,0.3066,82.0306,113.3538,62.6305,53.61,XGBoost
2026-04-03 07:48:36,Exp11_Weather_Grid_Gridlags_Prices_120h_Delta,DK1,TARGET_Delta_120h,"['Weather', 'Grid', 'GridExchange', 'GridLags', 'GridExchangeLags', 'Prices', 'Time']",SUCCESS,48.7212,27.332,0.3218,81.4965,113.1209,63.1258,36.85,LightGBM
2026-04-03 07:48:36,Exp11_Weather_Grid_Gridlags_Prices_120h_Delta,DK1,TARGET_Delta_120h,"['Weather', 'Grid', 'GridExchange', 'GridLags', 'GridExchangeLags', 'Prices', 'Time']",SUCCESS,46.7625,26.1129,0.3753,77.8615,113.6282,63.8098,72.53,CatBoost
2026-04-03 07:48:36,Exp11_Weather_Grid_Gridlags_Prices_120h_Delta,DK1,TARGET_Delta_120h,"['Weather', 'Grid', 'GridExchange', 'GridLags', 'GridExchangeLags', 'Prices', 'Time']",SUCCESS,49.4141,27.5542,0.3024,82.1588,115.6006,61.6976,866.1,RandomForest
2026-04-03 08:09:19,Exp12_Weather_WeatherLags_Grid_Gridlags_Prices_120h_Delta,DK1,TARGET_Delta_120h,"['Weather', 'WeatherLags', 'Grid', 'GridExchange', 'GridLags', 'GridExchangeLags', 'Prices', 'Time']",SUCCESS,49.1815,27.5167,0.309,82.047,113.2772,62.8284,65.1,XGBoost
2026-04-03 08:09:19,Exp12_Weather_WeatherLags_Grid_Gridlags_Prices_120h_Delta,DK1,TARGET_Delta_120h,"['Weather', 'WeatherLags', 'Grid', 'GridExchange', 'GridLags', 'GridExchangeLags', 'Prices', 'Time']",SUCCESS,49.0962,27.4429,0.3114,81.8271,113.0286,63.1573,42.34,LightGBM
2026-04-03 08:09:19,Exp12_Weather_WeatherLags_Grid_Gridlags_Prices_120h_Delta,DK1,TARGET_Delta_120h,"['Weather', 'WeatherLags', 'Grid', 'GridExchange', 'GridLags', 'GridExchangeLags', 'Prices', 'Time']",SUCCESS,46.7754,26.1302,0.3749,77.913,113.9686,63.6434,80.89,CatBoost
2026-04-03 08:09:19,Exp12_Weather_WeatherLags_Grid_Gridlags_Prices_120h_Delta,DK1,TARGET_Delta_120h,"['Weather', 'WeatherLags', 'Grid', 'GridExchange', 'GridLags', 'GridExchangeLags', 'Prices', 'Time']",SUCCESS,49.5428,27.6038,0.2988,82.3068,115.7226,61.581,1042.73,RandomForest
2026-04-03 08:30:13,Exp13_Total_Information_120h_Delta,DK1,TARGET_Delta_120h,['All_Features'],SUCCESS,49.2405,27.6132,0.3073,82.3349,113.3739,63.5333,65.55,XGBoost
2026-04-03 08:30:13,Exp13_Total_Information_120h_Delta,DK1,TARGET_Delta_120h,['All_Features'],SUCCESS,48.9885,27.405,0.3144,81.7142,112.6704,63.8714,41.9,LightGBM
2026-04-03 08:30:13,Exp13_Total_Information_120h_Delta,DK1,TARGET_Delta_120h,['All_Features'],SUCCESS,46.6865,26.1798,0.3773,78.0609,114.3147,64.081,81.4,CatBoost
2026-04-03 08:30:13,Exp13_Total_Information_120h_Delta,DK1,TARGET_Delta_120h,['All_Features'],SUCCESS,49.525,27.6546,0.2993,82.4584,114.7308,61.809,1053.01,RandomForest
2026-04-03 08:35:18,Exp1_Weather_Only_144h_Delta,DK1,TARGET_Delta_144h,"['Weather', 'Time']",SUCCESS,54.2857,30.0095,0.128,92.0504,136.2126,52.9737,19.68,XGBoost
2026-04-03 08:35:18,Exp1_Weather_Only_144h_Delta,DK1,TARGET_Delta_144h,"['Weather', 'Time']",SUCCESS,54.3397,30.0537,0.1262,92.1862,136.5894,51.5796,16.87,LightGBM
2026-04-03 08:35:18,Exp1_Weather_Only_144h_Delta,DK1,TARGET_Delta_144h,"['Weather', 'Time']",SUCCESS,53.9246,29.5247,0.1395,90.5633,136.4909,52.5125,47.38,CatBoost
2026-04-03 08:35:18,Exp1_Weather_Only_144h_Delta,DK1,TARGET_Delta_144h,"['Weather', 'Time']",SUCCESS,54.5151,30.1639,0.1206,92.524,139.0655,48.4493,216.21,RandomForest
2026-04-03 08:43:57,Exp2_Weather_WeatherLags_Only_144h_Delta,DK1,TARGET_Delta_144h,"['Weather', 'WeatherLags', 'Time']",SUCCESS,54.2407,29.9971,0.1294,92.0126,136.0619,53.013,29.68,XGBoost
2026-04-03 08:43:57,Exp2_Weather_WeatherLags_Only_144h_Delta,DK1,TARGET_Delta_144h,"['Weather', 'WeatherLags', 'Time']",SUCCESS,54.3739,30.0457,0.1251,92.1615,136.5855,51.725,20.65,LightGBM
2026-04-03 08:43:57,Exp2_Weather_WeatherLags_Only_144h_Delta,DK1,TARGET_Delta_144h,"['Weather', 'WeatherLags', 'Time']",SUCCESS,53.9235,29.5041,0.1396,90.5004,136.4427,52.5164,56.73,CatBoost
2026-04-03 08:43:57,Exp2_Weather_WeatherLags_Only_144h_Delta,DK1,TARGET_Delta_144h,"['Weather', 'WeatherLags', 'Time']",SUCCESS,54.6771,30.2465,0.1154,92.7775,139.0405,48.4571,405.54,RandomForest
2026-04-03 08:50:30,Exp3_Weather_Prices_144h_Delta,DK1,TARGET_Delta_144h,"['Weather', 'Prices', 'Time']",SUCCESS,50.1807,27.9116,0.2549,85.6156,119.7125,63.004,23.32,XGBoost
2026-04-03 08:50:30,Exp3_Weather_Prices_144h_Delta,DK1,TARGET_Delta_144h,"['Weather', 'Prices', 'Time']",SUCCESS,50.2777,27.9034,0.252,85.5903,119.5141,63.4429,18.35,LightGBM
2026-04-03 08:50:30,Exp3_Weather_Prices_144h_Delta,DK1,TARGET_Delta_144h,"['Weather', 'Prices', 'Time']",SUCCESS,47.6522,26.5394,0.3281,81.4064,120.1895,63.2935,49.81,CatBoost
2026-04-03 08:50:30,Exp3_Weather_Prices_144h_Delta,DK1,TARGET_Delta_144h,"['Weather', 'Prices', 'Time']",SUCCESS,50.6278,27.9401,0.2415,85.7027,122.1285,61.5613,295.46,RandomForest
2026-04-03 09:00:28,Exp4_Weather_WeatherLags_Prices_144h_Delta,DK1,TARGET_Delta_144h,"['Weather', 'WeatherLags', 'Prices', 'Time']",SUCCESS,49.8608,27.648,0.2643,84.8069,118.9511,63.2922,34.27,XGBoost
2026-04-03 09:00:28,Exp4_Weather_WeatherLags_Prices_144h_Delta,DK1,TARGET_Delta_144h,"['Weather', 'WeatherLags', 'Prices', 'Time']",SUCCESS,49.6389,27.596,0.2709,84.6474,118.8673,63.4468,23.72,LightGBM
2026-04-03 09:00:28,Exp4_Weather_WeatherLags_Prices_144h_Delta,DK1,TARGET_Delta_144h,"['Weather', 'WeatherLags', 'Prices', 'Time']",SUCCESS,47.3742,26.3685,0.3359,80.8821,120.1726,63.9985,58.5,CatBoost
2026-04-03 09:00:28,Exp4_Weather_WeatherLags_Prices_144h_Delta,DK1,TARGET_Delta_144h,"['Weather', 'WeatherLags', 'Prices', 'Time']",SUCCESS,50.2649,27.8381,0.2524,85.3899,122.0695,61.6452,474.72,RandomForest
2026-04-03 09:10:44,Exp5_Weather_Grid_144h_Delta,DK1,TARGET_Delta_144h,"['Weather', 'Grid', 'GridExchange', 'Time']",SUCCESS,51.6535,29.166,0.2105,89.4631,123.5139,54.208,33.6,XGBoost
2026-04-03 09:10:44,Exp5_Weather_Grid_144h_Delta,DK1,TARGET_Delta_144h,"['Weather', 'Grid', 'GridExchange', 'Time']",SUCCESS,51.6881,29.0912,0.2094,89.2336,123.722,54.2106,25.3,LightGBM
2026-04-03 09:10:44,Exp5_Weather_Grid_144h_Delta,DK1,TARGET_Delta_144h,"['Weather', 'Grid', 'GridExchange', 'Time']",SUCCESS,50.1278,27.8417,0.2564,85.401,124.2808,52.5885,59.43,CatBoost
2026-04-03 09:10:44,Exp5_Weather_Grid_144h_Delta,DK1,TARGET_Delta_144h,"['Weather', 'Grid', 'GridExchange', 'Time']",SUCCESS,52.1644,29.3694,0.1948,90.0871,127.1736,53.1454,489.69,RandomForest
2026-04-03 09:24:33,Exp6_Weather_WeatherLags_Grid_144h_Delta,DK1,TARGET_Delta_144h,"['Weather', 'WeatherLags', 'Grid', 'GridExchange', 'Time']",SUCCESS,51.9882,29.2762,0.2002,89.8011,123.6503,54.2814,45.16,XGBoost
2026-04-03 09:24:33,Exp6_Weather_WeatherLags_Grid_144h_Delta,DK1,TARGET_Delta_144h,"['Weather', 'WeatherLags', 'Grid', 'GridExchange', 'Time']",SUCCESS,51.5135,29.0299,0.2148,89.0458,123.7144,54.132,31.09,LightGBM
2026-04-03 09:24:33,Exp6_Weather_WeatherLags_Grid_144h_Delta,DK1,TARGET_Delta_144h,"['Weather', 'WeatherLags', 'Grid', 'GridExchange', 'Time']",SUCCESS,50.2686,27.9285,0.2523,85.6673,124.5772,52.2832,67.08,CatBoost
2026-04-03 09:24:33,Exp6_Weather_WeatherLags_Grid_144h_Delta,DK1,TARGET_Delta_144h,"['Weather', 'WeatherLags', 'Grid', 'GridExchange', 'Time']",SUCCESS,52.4228,29.411,0.1868,90.2146,127.3254,53.262,676.92,RandomForest
2026-04-03 09:36:24,Exp7_Weather_Grid_Prices_144h_Delta,DK1,TARGET_Delta_144h,"['Weather', 'Grid', 'GridExchange', 'Prices', 'Time']",SUCCESS,49.9735,27.9883,0.261,85.8507,118.5841,61.9361,38.44,XGBoost
2026-04-03 09:36:24,Exp7_Weather_Grid_Prices_144h_Delta,DK1,TARGET_Delta_144h,"['Weather', 'Grid', 'GridExchange', 'Prices', 'Time']",SUCCESS,49.8556,27.9137,0.2645,85.6218,118.2801,62.3999,27.55,LightGBM
2026-04-03 09:36:24,Exp7_Weather_Grid_Prices_144h_Delta,DK1,TARGET_Delta_144h,"['Weather', 'Grid', 'GridExchange', 'Prices', 'Time']",SUCCESS,47.4573,26.53,0.3336,81.3775,119.155,62.4838,61.04,CatBoost
2026-04-03 09:36:24,Exp7_Weather_Grid_Prices_144h_Delta,DK1,TARGET_Delta_144h,"['Weather', 'Grid', 'GridExchange', 'Prices', 'Time']",SUCCESS,50.0526,27.8256,0.2587,85.3516,120.7206,61.336,576.25,RandomForest
2026-04-03 09:51:44,Exp8_Weather_WeatherLags_Grid_Prices_144h_Delta,DK1,TARGET_Delta_144h,"['Weather', 'WeatherLags', 'Grid', 'GridExchange', 'Prices', 'Time']",SUCCESS,50.0011,27.9599,0.2602,85.7636,118.1385,62.1811,49.25,XGBoost
2026-04-03 09:51:44,Exp8_Weather_WeatherLags_Grid_Prices_144h_Delta,DK1,TARGET_Delta_144h,"['Weather', 'WeatherLags', 'Grid', 'GridExchange', 'Prices', 'Time']",SUCCESS,49.578,27.6846,0.2727,84.9193,117.6437,62.662,32.92,LightGBM
2026-04-03 09:51:45,Exp8_Weather_WeatherLags_Grid_Prices_144h_Delta,DK1,TARGET_Delta_144h,"['Weather', 'WeatherLags', 'Grid', 'GridExchange', 'Prices', 'Time']",SUCCESS,47.1716,26.4306,0.3416,81.0726,118.6591,62.9686,69.56,CatBoost
2026-04-03 09:51:45,Exp8_Weather_WeatherLags_Grid_Prices_144h_Delta,DK1,TARGET_Delta_144h,"['Weather', 'WeatherLags', 'Grid', 'GridExchange', 'Prices', 'Time']",SUCCESS,49.8745,27.786,0.2639,85.2301,120.8556,61.3373,758.9,RandomForest
2026-04-03 10:07:10,Exp9_Weather_Grid_Gridlags_144h_Delta,DK1,TARGET_Delta_144h,"['Weather', 'Grid', 'GridExchange', 'GridLags', 'GridExchangeLags', 'Time']",SUCCESS,51.5085,29.2003,0.2149,89.5684,123.5298,54.0219,48.67,XGBoost
2026-04-03 10:07:10,Exp9_Weather_Grid_Gridlags_144h_Delta,DK1,TARGET_Delta_144h,"['Weather', 'Grid', 'GridExchange', 'GridLags', 'GridExchangeLags', 'Time']",SUCCESS,51.6848,29.3211,0.2095,89.9388,123.9903,54.2329,34.48,LightGBM
2026-04-03 10:07:10,Exp9_Weather_Grid_Gridlags_144h_Delta,DK1,TARGET_Delta_144h,"['Weather', 'Grid', 'GridExchange', 'GridLags', 'GridExchangeLags', 'Time']",SUCCESS,50.3011,27.9733,0.2513,85.8046,124.5778,52.0604,70.16,CatBoost
2026-04-03 10:07:10,Exp9_Weather_Grid_Gridlags_144h_Delta,DK1,TARGET_Delta_144h,"['Weather', 'Grid', 'GridExchange', 'GridLags', 'GridExchangeLags', 'Time']",SUCCESS,52.7492,29.6676,0.1766,91.0018,127.5628,53.1231,762.46,RandomForest
2026-04-03 10:26:23,Exp10_Weather_WeatherLags_Grid_Gridlags_144h_Delta,DK1,TARGET_Delta_144h,"['Weather', 'WeatherLags', 'Grid', 'GridExchange', 'GridLags', 'GridExchangeLags', 'Time']",SUCCESS,51.6666,29.2044,0.2101,89.581,123.2736,53.9459,59.98,XGBoost
2026-04-03 10:26:23,Exp10_Weather_WeatherLags_Grid_Gridlags_144h_Delta,DK1,TARGET_Delta_144h,"['Weather', 'WeatherLags', 'Grid', 'GridExchange', 'GridLags', 'GridExchangeLags', 'Time']",SUCCESS,51.6946,29.3355,0.2092,89.983,124.0367,54.2709,39.91,LightGBM
2026-04-03 10:26:23,Exp10_Weather_WeatherLags_Grid_Gridlags_144h_Delta,DK1,TARGET_Delta_144h,"['Weather', 'WeatherLags', 'Grid', 'GridExchange', 'GridLags', 'GridExchangeLags', 'Time']",SUCCESS,50.1775,28.0226,0.255,85.9559,124.8909,52.4666,78.82,CatBoost
2026-04-03 10:26:23,Exp10_Weather_WeatherLags_Grid_Gridlags_144h_Delta,DK1,TARGET_Delta_144h,"['Weather', 'WeatherLags', 'Grid', 'GridExchange', 'GridLags', 'GridExchangeLags', 'Time']",SUCCESS,52.6893,29.6516,0.1785,90.9526,127.6023,53.22,962.47,RandomForest
2026-04-03 10:43:27,Exp11_Weather_Grid_Gridlags_Prices_144h_Delta,DK1,TARGET_Delta_144h,"['Weather', 'Grid', 'GridExchange', 'GridLags', 'GridExchangeLags', 'Prices', 'Time']",SUCCESS,49.533,27.7823,0.274,85.2188,118.1248,61.8719,52.82,XGBoost
2026-04-03 10:43:27,Exp11_Weather_Grid_Gridlags_Prices_144h_Delta,DK1,TARGET_Delta_144h,"['Weather', 'Grid', 'GridExchange', 'GridLags', 'GridExchangeLags', 'Prices', 'Time']",SUCCESS,49.8605,27.9167,0.2643,85.631,117.975,62.2257,36.84,LightGBM
2026-04-03 10:43:27,Exp11_Weather_Grid_Gridlags_Prices_144h_Delta,DK1,TARGET_Delta_144h,"['Weather', 'Grid', 'GridExchange', 'GridLags', 'GridExchangeLags', 'Prices', 'Time']",SUCCESS,47.3504,26.4489,0.3366,81.1288,119.1455,62.6515,72.27,CatBoost
2026-04-03 10:43:27,Exp11_Weather_Grid_Gridlags_Prices_144h_Delta,DK1,TARGET_Delta_144h,"['Weather', 'Grid', 'GridExchange', 'GridLags', 'GridExchangeLags', 'Prices', 'Time']",SUCCESS,50.149,27.7918,0.2558,85.248,120.352,61.3845,851.23,RandomForest
2026-04-03 11:04:04,Exp12_Weather_WeatherLags_Grid_Gridlags_Prices_144h_Delta,DK1,TARGET_Delta_144h,"['Weather', 'WeatherLags', 'Grid', 'GridExchange', 'GridLags', 'GridExchangeLags', 'Prices', 'Time']",SUCCESS,49.8847,28.0027,0.2636,85.895,118.0004,61.9911,64.82,XGBoost
2026-04-03 11:04:05,Exp12_Weather_WeatherLags_Grid_Gridlags_Prices_144h_Delta,DK1,TARGET_Delta_144h,"['Weather', 'WeatherLags', 'Grid', 'GridExchange', 'GridLags', 'GridExchangeLags', 'Prices', 'Time']",SUCCESS,49.2675,27.6962,0.2817,84.9548,117.4471,62.5519,42.6,LightGBM
2026-04-03 11:04:05,Exp12_Weather_WeatherLags_Grid_Gridlags_Prices_144h_Delta,DK1,TARGET_Delta_144h,"['Weather', 'WeatherLags', 'Grid', 'GridExchange', 'GridLags', 'GridExchangeLags', 'Prices', 'Time']",SUCCESS,47.5014,26.4893,0.3323,81.2526,120.1423,62.5886,81.07,CatBoost
2026-04-03 11:04:05,Exp12_Weather_WeatherLags_Grid_Gridlags_Prices_144h_Delta,DK1,TARGET_Delta_144h,"['Weather', 'WeatherLags', 'Grid', 'GridExchange', 'GridLags', 'GridExchangeLags', 'Prices', 'Time']",SUCCESS,49.9683,27.7341,0.2612,85.071,120.3777,61.4303,1037.06,RandomForest
2026-04-03 11:24:53,Exp13_Total_Information_144h_Delta,DK1,TARGET_Delta_144h,['All_Features'],SUCCESS,50.0208,27.9855,0.2596,85.8421,117.5598,62.4065,64.93,XGBoost
2026-04-03 11:24:53,Exp13_Total_Information_144h_Delta,DK1,TARGET_Delta_144h,['All_Features'],SUCCESS,50.246,28.0271,0.2529,85.9698,117.4446,62.8507,42.75,LightGBM
2026-04-03 11:24:53,Exp13_Total_Information_144h_Delta,DK1,TARGET_Delta_144h,['All_Features'],SUCCESS,47.1111,26.3472,0.3432,80.8168,119.3,62.7288,81.61,CatBoost
2026-04-03 11:24:53,Exp13_Total_Information_144h_Delta,DK1,TARGET_Delta_144h,['All_Features'],SUCCESS,50.271,27.924,0.2522,85.6536,119.6225,61.9269,1046.68,RandomForest
2026-04-03 11:29:56,Exp1_Weather_Only_168h_Delta,DK1,TARGET_Delta_168h,"['Weather', 'Time']",SUCCESS,53.6499,29.5283,0.096,95.1448,140.9092,51.4289,19.8,XGBoost
2026-04-03 11:29:56,Exp1_Weather_Only_168h_Delta,DK1,TARGET_Delta_168h,"['Weather', 'Time']",SUCCESS,53.6706,29.4356,0.0954,94.8462,141.1944,49.0808,17.07,LightGBM
2026-04-03 11:29:56,Exp1_Weather_Only_168h_Delta,DK1,TARGET_Delta_168h,"['Weather', 'Time']",SUCCESS,53.0502,28.8031,0.1161,92.8082,141.7301,47.5858,47.75,CatBoost
2026-04-03 11:29:56,Exp1_Weather_Only_168h_Delta,DK1,TARGET_Delta_168h,"['Weather', 'Time']",SUCCESS,53.7249,29.4522,0.0935,94.8996,142.0378,49.6705,214.09,RandomForest
2026-04-03 11:38:35,Exp2_Weather_WeatherLags_Only_168h_Delta,DK1,TARGET_Delta_168h,"['Weather', 'WeatherLags', 'Time']",SUCCESS,54.1374,29.6565,0.0795,95.5579,140.5942,51.2376,29.57,XGBoost
2026-04-03 11:38:35,Exp2_Weather_WeatherLags_Only_168h_Delta,DK1,TARGET_Delta_168h,"['Weather', 'WeatherLags', 'Time']",SUCCESS,53.6197,29.3957,0.0971,94.7175,141.0277,49.6298,20.57,LightGBM
2026-04-03 11:38:35,Exp2_Weather_WeatherLags_Only_168h_Delta,DK1,TARGET_Delta_168h,"['Weather', 'WeatherLags', 'Time']",SUCCESS,52.9837,28.7778,0.1184,92.7265,142.3803,47.7587,57.0,CatBoost
2026-04-03 11:38:35,Exp2_Weather_WeatherLags_Only_168h_Delta,DK1,TARGET_Delta_168h,"['Weather', 'WeatherLags', 'Time']",SUCCESS,53.9799,29.5495,0.0849,95.213,142.184,49.3861,404.99,RandomForest
2026-04-03 11:45:08,Exp3_Weather_Prices_168h_Delta,DK1,TARGET_Delta_168h,"['Weather', 'Prices', 'Time']",SUCCESS,50.702,27.9599,0.1927,90.0913,125.4229,61.2311,23.71,XGBoost
2026-04-03 11:45:08,Exp3_Weather_Prices_168h_Delta,DK1,TARGET_Delta_168h,"['Weather', 'Prices', 'Time']",SUCCESS,50.6053,27.8096,0.1957,89.6069,125.4722,61.3216,18.29,LightGBM
2026-04-03 11:45:08,Exp3_Weather_Prices_168h_Delta,DK1,TARGET_Delta_168h,"['Weather', 'Prices', 'Time']",SUCCESS,47.69,26.232,0.2857,84.5237,126.9432,59.3207,50.27,CatBoost
2026-04-03 11:45:08,Exp3_Weather_Prices_168h_Delta,DK1,TARGET_Delta_168h,"['Weather', 'Prices', 'Time']",SUCCESS,51.0812,28.0202,0.1805,90.2854,128.6781,59.7125,295.45,RandomForest
2026-04-03 11:55:09,Exp4_Weather_WeatherLags_Prices_168h_Delta,DK1,TARGET_Delta_168h,"['Weather', 'WeatherLags', 'Prices', 'Time']",SUCCESS,50.7556,28.0416,0.1909,90.3545,125.7683,61.5718,34.48,XGBoost
2026-04-03 11:55:09,Exp4_Weather_WeatherLags_Prices_168h_Delta,DK1,TARGET_Delta_168h,"['Weather', 'WeatherLags', 'Prices', 'Time']",SUCCESS,50.4607,27.7451,0.2003,89.3989,125.2877,61.8313,24.05,LightGBM
2026-04-03 11:55:09,Exp4_Weather_WeatherLags_Prices_168h_Delta,DK1,TARGET_Delta_168h,"['Weather', 'WeatherLags', 'Prices', 'Time']",SUCCESS,47.6836,26.3361,0.2859,84.8589,127.2726,59.8632,58.95,CatBoost
2026-04-03 11:55:09,Exp4_Weather_WeatherLags_Prices_168h_Delta,DK1,TARGET_Delta_168h,"['Weather', 'WeatherLags', 'Prices', 'Time']",SUCCESS,50.74,27.8613,0.1914,89.7733,128.7566,59.989,476.35,RandomForest
2026-04-03 12:05:24,Exp5_Weather_Grid_168h_Delta,DK1,TARGET_Delta_168h,"['Weather', 'Grid', 'GridExchange', 'Time']",SUCCESS,53.2244,29.7147,0.1103,95.7455,128.9063,53.1545,33.7,XGBoost
2026-04-03 12:05:24,Exp5_Weather_Grid_168h_Delta,DK1,TARGET_Delta_168h,"['Weather', 'Grid', 'GridExchange', 'Time']",SUCCESS,52.984,29.4781,0.1183,94.9831,129.1239,53.0314,24.93,LightGBM
2026-04-03 12:05:24,Exp5_Weather_Grid_168h_Delta,DK1,TARGET_Delta_168h,"['Weather', 'Grid', 'GridExchange', 'Time']",SUCCESS,50.3485,27.6327,0.2039,89.0369,130.3544,49.5604,59.32,CatBoost
2026-04-03 12:05:24,Exp5_Weather_Grid_168h_Delta,DK1,TARGET_Delta_168h,"['Weather', 'Grid', 'GridExchange', 'Time']",SUCCESS,53.5567,29.8937,0.0992,96.3222,132.0483,52.0879,489.69,RandomForest
2026-04-03 12:19:16,Exp6_Weather_WeatherLags_Grid_168h_Delta,DK1,TARGET_Delta_168h,"['Weather', 'WeatherLags', 'Grid', 'GridExchange', 'Time']",SUCCESS,52.5804,29.497,0.1317,95.044,128.402,52.9252,44.91,XGBoost
2026-04-03 12:19:16,Exp6_Weather_WeatherLags_Grid_168h_Delta,DK1,TARGET_Delta_168h,"['Weather', 'WeatherLags', 'Grid', 'GridExchange', 'Time']",SUCCESS,52.6039,29.3225,0.131,94.4818,129.2748,52.7903,30.46,LightGBM
2026-04-03 12:19:16,Exp6_Weather_WeatherLags_Grid_168h_Delta,DK1,TARGET_Delta_168h,"['Weather', 'WeatherLags', 'Grid', 'GridExchange', 'Time']",SUCCESS,50.3195,27.6605,0.2048,89.1264,131.3563,49.28,67.69,CatBoost
2026-04-03 12:19:16,Exp6_Weather_WeatherLags_Grid_168h_Delta,DK1,TARGET_Delta_168h,"['Weather', 'WeatherLags', 'Grid', 'GridExchange', 'Time']",SUCCESS,53.2202,29.6389,0.1105,95.5011,131.8832,52.2308,680.4,RandomForest
2026-04-03 12:31:09,Exp7_Weather_Grid_Prices_168h_Delta,DK1,TARGET_Delta_168h,"['Weather', 'Grid', 'GridExchange', 'Prices', 'Time']",SUCCESS,50.5441,28.2167,0.1977,90.9187,124.8516,60.0991,38.11,XGBoost
2026-04-03 12:31:09,Exp7_Weather_Grid_Prices_168h_Delta,DK1,TARGET_Delta_168h,"['Weather', 'Grid', 'GridExchange', 'Prices', 'Time']",SUCCESS,50.6526,28.1758,0.1942,90.7868,124.3919,60.6468,28.06,LightGBM
2026-04-03 12:31:09,Exp7_Weather_Grid_Prices_168h_Delta,DK1,TARGET_Delta_168h,"['Weather', 'Grid', 'GridExchange', 'Prices', 'Time']",SUCCESS,47.8742,26.3969,0.2802,85.0548,126.6835,57.7576,61.29,CatBoost
2026-04-03 12:31:09,Exp7_Weather_Grid_Prices_168h_Delta,DK1,TARGET_Delta_168h,"['Weather', 'Grid', 'GridExchange', 'Prices', 'Time']",SUCCESS,51.2605,28.263,0.1748,91.0678,128.4398,59.5291,577.54,RandomForest
2026-04-03 12:46:35,Exp8_Weather_WeatherLags_Grid_Prices_168h_Delta,DK1,TARGET_Delta_168h,"['Weather', 'WeatherLags', 'Grid', 'GridExchange', 'Prices', 'Time']",SUCCESS,50.3625,28.1493,0.2034,90.7015,124.6712,60.3664,49.68,XGBoost
2026-04-03 12:46:35,Exp8_Weather_WeatherLags_Grid_Prices_168h_Delta,DK1,TARGET_Delta_168h,"['Weather', 'WeatherLags', 'Grid', 'GridExchange', 'Prices', 'Time']",SUCCESS,51.0752,28.2818,0.1807,91.1284,125.0353,60.6061,32.94,LightGBM
2026-04-03 12:46:35,Exp8_Weather_WeatherLags_Grid_Prices_168h_Delta,DK1,TARGET_Delta_168h,"['Weather', 'WeatherLags', 'Grid', 'GridExchange', 'Prices', 'Time']",SUCCESS,47.9141,26.396,0.279,85.0521,126.1389,58.4664,70.14,CatBoost
2026-04-03 12:46:35,Exp8_Weather_WeatherLags_Grid_Prices_168h_Delta,DK1,TARGET_Delta_168h,"['Weather', 'WeatherLags', 'Grid', 'GridExchange', 'Prices', 'Time']",SUCCESS,51.0373,28.2249,0.1819,90.9451,128.4342,59.4714,763.62,RandomForest
2026-04-03 13:01:59,Exp9_Weather_Grid_Gridlags_168h_Delta,DK1,TARGET_Delta_168h,"['Weather', 'Grid', 'GridExchange', 'GridLags', 'GridExchangeLags', 'Time']",SUCCESS,52.9508,29.6516,0.1195,95.5421,129.2561,52.7392,48.62,XGBoost
2026-04-03 13:01:59,Exp9_Weather_Grid_Gridlags_168h_Delta,DK1,TARGET_Delta_168h,"['Weather', 'Grid', 'GridExchange', 'GridLags', 'GridExchangeLags', 'Time']",SUCCESS,52.838,29.4923,0.1232,95.0288,129.5497,52.6304,34.36,LightGBM
2026-04-03 13:01:59,Exp9_Weather_Grid_Gridlags_168h_Delta,DK1,TARGET_Delta_168h,"['Weather', 'Grid', 'GridExchange', 'GridLags', 'GridExchangeLags', 'Time']",SUCCESS,50.5589,27.7287,0.1972,89.3462,130.811,49.7727,70.03,CatBoost
2026-04-03 13:01:59,Exp9_Weather_Grid_Gridlags_168h_Delta,DK1,TARGET_Delta_168h,"['Weather', 'Grid', 'GridExchange', 'GridLags', 'GridExchangeLags', 'Time']",SUCCESS,53.533,29.9018,0.1,96.3482,132.2735,52.1312,760.74,RandomForest
2026-04-03 13:21:12,Exp10_Weather_WeatherLags_Grid_Gridlags_168h_Delta,DK1,TARGET_Delta_168h,"['Weather', 'WeatherLags', 'Grid', 'GridExchange', 'GridLags', 'GridExchangeLags', 'Time']",SUCCESS,52.4978,29.4368,0.1345,94.85,128.7643,53.0222,59.73,XGBoost
2026-04-03 13:21:12,Exp10_Weather_WeatherLags_Grid_Gridlags_168h_Delta,DK1,TARGET_Delta_168h,"['Weather', 'WeatherLags', 'Grid', 'GridExchange', 'GridLags', 'GridExchangeLags', 'Time']",SUCCESS,52.4394,29.2926,0.1364,94.3853,129.4786,52.8754,39.2,LightGBM
2026-04-03 13:21:12,Exp10_Weather_WeatherLags_Grid_Gridlags_168h_Delta,DK1,TARGET_Delta_168h,"['Weather', 'WeatherLags', 'Grid', 'GridExchange', 'GridLags', 'GridExchangeLags', 'Time']",SUCCESS,50.2014,27.5866,0.2085,88.8882,131.0664,49.4923,77.14,CatBoost
2026-04-03 13:21:12,Exp10_Weather_WeatherLags_Grid_Gridlags_168h_Delta,DK1,TARGET_Delta_168h,"['Weather', 'WeatherLags', 'Grid', 'GridExchange', 'GridLags', 'GridExchangeLags', 'Time']",SUCCESS,53.248,29.6961,0.1095,95.6856,131.8995,52.2229,965.18,RandomForest
2026-04-03 13:38:20,Exp11_Weather_Grid_Gridlags_Prices_168h_Delta,DK1,TARGET_Delta_168h,"['Weather', 'Grid', 'GridExchange', 'GridLags', 'GridExchangeLags', 'Prices', 'Time']",SUCCESS,50.7233,28.302,0.192,91.1935,125.0097,60.1017,53.45,XGBoost
2026-04-03 13:38:20,Exp11_Weather_Grid_Gridlags_Prices_168h_Delta,DK1,TARGET_Delta_168h,"['Weather', 'Grid', 'GridExchange', 'GridLags', 'GridExchangeLags', 'Prices', 'Time']",SUCCESS,50.419,28.0135,0.2016,90.2638,124.4446,60.4856,37.03,LightGBM
2026-04-03 13:38:20,Exp11_Weather_Grid_Gridlags_Prices_168h_Delta,DK1,TARGET_Delta_168h,"['Weather', 'Grid', 'GridExchange', 'GridLags', 'GridExchangeLags', 'Prices', 'Time']",SUCCESS,47.6351,26.3565,0.2874,84.9246,126.3931,57.8729,71.33,CatBoost
2026-04-03 13:38:20,Exp11_Weather_Grid_Gridlags_Prices_168h_Delta,DK1,TARGET_Delta_168h,"['Weather', 'Grid', 'GridExchange', 'GridLags', 'GridExchangeLags', 'Prices', 'Time']",SUCCESS,51.4105,28.413,0.1699,91.551,128.8409,59.2343,855.89,RandomForest
2026-04-03 13:59:01,Exp12_Weather_WeatherLags_Grid_Gridlags_Prices_168h_Delta,DK1,TARGET_Delta_168h,"['Weather', 'WeatherLags', 'Grid', 'GridExchange', 'GridLags', 'GridExchangeLags', 'Prices', 'Time']",SUCCESS,50.37,28.1834,0.2032,90.8114,124.7343,59.7793,65.56,XGBoost
2026-04-03 13:59:01,Exp12_Weather_WeatherLags_Grid_Gridlags_Prices_168h_Delta,DK1,TARGET_Delta_168h,"['Weather', 'WeatherLags', 'Grid', 'GridExchange', 'GridLags', 'GridExchangeLags', 'Prices', 'Time']",SUCCESS,50.4618,28.0168,0.2003,90.2746,124.5286,60.4279,42.25,LightGBM
2026-04-03 13:59:01,Exp12_Weather_WeatherLags_Grid_Gridlags_Prices_168h_Delta,DK1,TARGET_Delta_168h,"['Weather', 'WeatherLags', 'Grid', 'GridExchange', 'GridLags', 'GridExchangeLags', 'Prices', 'Time']",SUCCESS,47.6296,26.2925,0.2875,84.7184,126.4435,58.5686,79.94,CatBoost
2026-04-03 13:59:01,Exp12_Weather_WeatherLags_Grid_Gridlags_Prices_168h_Delta,DK1,TARGET_Delta_168h,"['Weather', 'WeatherLags', 'Grid', 'GridExchange', 'GridLags', 'GridExchangeLags', 'Prices', 'Time']",SUCCESS,51.1442,28.2737,0.1785,91.1021,128.6231,59.4164,1040.56,RandomForest
2026-04-03 14:19:58,Exp13_Total_Information_168h_Delta,DK1,TARGET_Delta_168h,['All_Features'],SUCCESS,51.2107,28.4559,0.1764,91.6895,123.9116,60.7437,66.08,XGBoost
2026-04-03 14:19:58,Exp13_Total_Information_168h_Delta,DK1,TARGET_Delta_168h,['All_Features'],SUCCESS,50.7414,28.2687,0.1914,91.0862,124.5502,60.7123,42.42,LightGBM
2026-04-03 14:19:58,Exp13_Total_Information_168h_Delta,DK1,TARGET_Delta_168h,['All_Features'],SUCCESS,47.5237,26.2709,0.2907,84.649,126.8692,57.7916,80.79,CatBoost
2026-04-03 14:19:58,Exp13_Total_Information_168h_Delta,DK1,TARGET_Delta_168h,['All_Features'],SUCCESS,51.0371,28.3693,0.182,91.4104,127.2073,59.8475,1055.42,RandomForest
2026-04-07 12:56:58,Exp11_Weather_Grid_Gridlags_Prices_0h_Price,DK1,TARGET_Price_0h,"['Weather', 'Grid', 'GridExchange', 'GridLags', 'GridExchangeLags', 'Prices', 'Time']",SUCCESS,2073.9566,81.2591,-614.1511,106.8848,30.8092,70.3036,1151.33,LSTM
2026-04-07 12:56:58,Exp11_Weather_Grid_Gridlags_Prices_0h_Price,DK1,TARGET_Price_0h,"['Weather', 'Grid', 'GridExchange', 'GridLags', 'GridExchangeLags', 'Prices', 'Time']",SUCCESS,3963.0417,125.4248,-2245.1551,164.9786,29.9299,71.344,989.79,GRU
2026-04-07 12:56:58,Exp11_Weather_Grid_Gridlags_Prices_0h_Price,DK1,TARGET_Price_0h,"['Weather', 'Grid', 'GridExchange', 'GridLags', 'GridExchangeLags', 'Prices', 'Time']",SUCCESS,30.3692,16.1978,0.8681,21.3059,30.9083,71.6126,2575.73,Transformer
2026-04-07 12:56:58,Exp11_Weather_Grid_Gridlags_Prices_0h_Price,DK1,TARGET_Price_0h,"['Weather', 'Grid', 'GridExchange', 'GridLags', 'GridExchangeLags', 'Prices', 'Time']",SUCCESS,35.6814,16.7687,0.8179,22.0568,28.5107,73.7955,753.17,AutoGluon
2026-04-07 14:19:47,Exp13_Total_Information_24h_Price,DK1,TARGET_Price_24h,['All_Features'],SUCCESS,3505.5794,120.6132,-1756.4313,158.6373,40.5063,66.395,904.69,LSTM
2026-04-07 14:19:47,Exp13_Total_Information_24h_Price,DK1,TARGET_Price_24h,['All_Features'],SUCCESS,6131.4519,201.2175,-5375.3235,264.6527,40.0777,66.471,979.44,GRU
2026-04-07 14:19:47,Exp13_Total_Information_24h_Price,DK1,TARGET_Price_24h,['All_Features'],SUCCESS,43.452,25.2345,0.73,33.1898,41.3866,66.5994,2332.22,Transformer
2026-04-07 14:19:47,Exp13_Total_Information_24h_Price,DK1,TARGET_Price_24h,['All_Features'],SUCCESS,45.0457,24.4292,0.7098,32.1306,38.3345,71.3807,739.21,AutoGluon
2026-04-07 15:48:40,Exp13_Total_Information_48h_Price,DK1,TARGET_Price_48h,['All_Features'],SUCCESS,2947.5899,118.6952,-1241.52,156.0684,43.8087,64.8449,971.77,LSTM
2026-04-07 15:48:40,Exp13_Total_Information_48h_Price,DK1,TARGET_Price_48h,['All_Features'],SUCCESS,6308.2016,228.9178,-5689.8928,300.9964,43.3605,65.4634,961.9,GRU
2026-04-07 15:48:40,Exp13_Total_Information_48h_Price,DK1,TARGET_Price_48h,['All_Features'],SUCCESS,50.9251,28.512,0.6291,37.4894,43.9046,65.487,2648.47,Transformer
2026-04-07 15:48:40,Exp13_Total_Information_48h_Price,DK1,TARGET_Price_48h,['All_Features'],SUCCESS,49.6161,27.3856,0.6479,36.0085,41.4942,71.3033,738.37,AutoGluon
2026-04-07 17:12:07,Exp13_Total_Information_72h_Price,DK1,TARGET_Price_72h,['All_Features'],SUCCESS,2041.8989,72.1522,-595.2892,94.8518,43.8888,64.1898,980.54,LSTM
2026-04-07 17:12:07,Exp13_Total_Information_72h_Price,DK1,TARGET_Price_72h,['All_Features'],SUCCESS,7613.9948,199.9894,-8290.1277,262.9073,44.4524,64.8279,905.68,GRU
2026-04-07 17:12:07,Exp13_Total_Information_72h_Price,DK1,TARGET_Price_72h,['All_Features'],SUCCESS,53.0352,29.7919,0.5977,39.1646,45.0877,65.5119,2370.51,Transformer
2026-04-07 17:12:07,Exp13_Total_Information_72h_Price,DK1,TARGET_Price_72h,['All_Features'],SUCCESS,50.5625,28.1626,0.6344,37.0227,42.2848,70.8749,737.31,AutoGluon
2026-04-07 18:36:09,Exp13_Total_Information_96h_Price,DK1,TARGET_Price_96h,['All_Features'],SUCCESS,2771.8028,109.3265,-1097.8434,143.6899,44.4028,64.3614,1004.21,LSTM
2026-04-07 18:36:09,Exp13_Total_Information_96h_Price,DK1,TARGET_Price_96h,['All_Features'],SUCCESS,8736.7365,286.1319,-10916.1585,376.0688,44.2685,64.6091,891.82,GRU
2026-04-07 18:36:09,Exp13_Total_Information_96h_Price,DK1,TARGET_Price_96h,['All_Features'],SUCCESS,53.7974,30.3486,0.5861,39.8878,45.4801,65.4437,2395.74,Transformer
2026-04-07 18:36:09,Exp13_Total_Information_96h_Price,DK1,TARGET_Price_96h,['All_Features'],SUCCESS,52.4032,28.8978,0.6072,37.981,42.8845,71.0125,737.07,AutoGluon
2026-04-07 20:02:05,Exp3_Weather_Prices_120h_Price,DK1,TARGET_Price_120h,"['Weather', 'Prices', 'Time']",SUCCESS,51.0655,28.8505,0.627,37.9126,42.8616,68.7011,871.56,LSTM
2026-04-07 20:02:05,Exp3_Weather_Prices_120h_Price,DK1,TARGET_Price_120h,"['Weather', 'Prices', 'Time']",SUCCESS,50.8618,28.528,0.63,37.4889,42.2156,69.8175,847.07,GRU
2026-04-07 20:02:05,Exp3_Weather_Prices_120h_Price,DK1,TARGET_Price_120h,"['Weather', 'Prices', 'Time']",SUCCESS,51.9151,29.4855,0.6145,38.747,43.7719,70.8631,2635.61,Transformer
2026-04-07 20:02:05,Exp3_Weather_Prices_120h_Price,DK1,TARGET_Price_120h,"['Weather', 'Prices', 'Time']",SUCCESS,53.7219,29.8322,0.5872,39.2026,44.2407,70.2604,796.07,AutoGluon
2026-04-07 21:25:10,Exp4_Weather_WeatherLags_Prices_144h_Price,DK1,TARGET_Price_144h,"['Weather', 'WeatherLags', 'Prices', 'Time']",SUCCESS,52.0419,29.1677,0.6126,38.3203,42.6484,69.0968,1162.13,LSTM
2026-04-07 21:25:10,Exp4_Weather_WeatherLags_Prices_144h_Price,DK1,TARGET_Price_144h,"['Weather', 'WeatherLags', 'Prices', 'Time']",SUCCESS,52.3685,29.1532,0.6077,38.3012,42.6448,69.6891,975.37,GRU
2026-04-07 21:25:10,Exp4_Weather_WeatherLags_Prices_144h_Price,DK1,TARGET_Price_144h,"['Weather', 'WeatherLags', 'Prices', 'Time']",SUCCESS,52.9072,29.525,0.5996,38.7896,43.641,70.5565,2075.11,Transformer
2026-04-07 21:25:10,Exp4_Weather_WeatherLags_Prices_144h_Price,DK1,TARGET_Price_144h,"['Weather', 'WeatherLags', 'Prices', 'Time']",SUCCESS,54.7573,29.9655,0.5711,39.3684,43.7567,70.85,763.74,AutoGluon
2026-04-07 22:45:56,Exp3_Weather_Prices_168h_Price,DK1,TARGET_Price_168h,"['Weather', 'Prices', 'Time']",SUCCESS,52.605,29.2751,0.6042,38.453,43.1734,68.3277,900.15,LSTM
2026-04-07 22:45:56,Exp3_Weather_Prices_168h_Price,DK1,TARGET_Price_168h,"['Weather', 'Prices', 'Time']",SUCCESS,51.9063,28.9813,0.6146,38.0671,42.3232,69.2868,952.11,GRU
2026-04-07 22:45:56,Exp3_Weather_Prices_168h_Price,DK1,TARGET_Price_168h,"['Weather', 'Prices', 'Time']",SUCCESS,52.9477,29.2347,0.599,38.4,43.4721,70.8854,2205.41,Transformer
2026-04-07 22:45:56,Exp3_Weather_Prices_168h_Price,DK1,TARGET_Price_168h,"['Weather', 'Prices', 'Time']",SUCCESS,55.3303,30.4589,0.5621,40.0079,44.5135,70.2459,783.59,AutoGluon
2026-04-08 00:07:34,Exp8_Weather_WeatherLags_Grid_Prices_24h_Delta,DK1,TARGET_Delta_24h,"['Weather', 'WeatherLags', 'Grid', 'GridExchange', 'Prices', 'Time']",SUCCESS,1779.8997,49.175,-1801.3197,213.4453,129.3585,59.516,874.77,LSTM
2026-04-08 00:07:34,Exp8_Weather_WeatherLags_Grid_Prices_24h_Delta,DK1,TARGET_Delta_24h,"['Weather', 'WeatherLags', 'Grid', 'GridExchange', 'Prices', 'Time']",SUCCESS,1723.6286,75.4773,-1689.1613,327.6111,129.31,59.702,955.97,GRU
2026-04-08 00:07:34,Exp8_Weather_WeatherLags_Grid_Prices_24h_Delta,DK1,TARGET_Delta_24h,"['Weather', 'WeatherLags', 'Grid', 'GridExchange', 'Prices', 'Time']",SUCCESS,40.1431,23.0325,0.0832,99.9734,127.3511,60.5197,2304.77,Transformer
2026-04-08 00:07:34,Exp8_Weather_WeatherLags_Grid_Prices_24h_Delta,DK1,TARGET_Delta_24h,"['Weather', 'WeatherLags', 'Grid', 'GridExchange', 'Prices', 'Time']",SUCCESS,37.3849,21.5903,0.2049,93.7132,122.6473,62.1549,752.37,AutoGluon
2026-04-08 01:35:05,Exp12_Weather_WeatherLags_Grid_Gridlags_Prices_48h_Delta,DK1,TARGET_Delta_48h,"['Weather', 'WeatherLags', 'Grid', 'GridExchange', 'GridLags', 'GridExchangeLags', 'Prices', 'Time']",SUCCESS,678.7941,46.6814,-161.4717,156.8477,119.5743,60.9887,978.83,LSTM
2026-04-08 01:35:05,Exp12_Weather_WeatherLags_Grid_Gridlags_Prices_48h_Delta,DK1,TARGET_Delta_48h,"['Weather', 'WeatherLags', 'Grid', 'GridExchange', 'GridLags', 'GridExchangeLags', 'Prices', 'Time']",SUCCESS,1373.5485,74.4837,-664.2574,250.2626,119.1279,61.1185,1003.21,GRU
2026-04-08 01:35:05,Exp12_Weather_WeatherLags_Grid_Gridlags_Prices_48h_Delta,DK1,TARGET_Delta_48h,"['Weather', 'WeatherLags', 'Grid', 'GridExchange', 'GridLags', 'GridExchangeLags', 'Prices', 'Time']",SUCCESS,47.4577,27.1332,0.2058,91.1665,119.0693,61.6753,2518.66,Transformer
2026-04-08 01:35:05,Exp12_Weather_WeatherLags_Grid_Gridlags_Prices_48h_Delta,DK1,TARGET_Delta_48h,"['Weather', 'WeatherLags', 'Grid', 'GridExchange', 'GridLags', 'GridExchangeLags', 'Prices', 'Time']",SUCCESS,44.3746,25.1902,0.3057,84.6381,114.0588,64.4794,737.79,AutoGluon
2026-04-08 03:00:30,Exp12_Weather_WeatherLags_Grid_Gridlags_Prices_72h_Delta,DK1,TARGET_Delta_72h,"['Weather', 'WeatherLags', 'Grid', 'GridExchange', 'GridLags', 'GridExchangeLags', 'Prices', 'Time']",SUCCESS,734.1153,48.306,-165.7494,151.9065,118.2372,61.2652,935.18,LSTM
2026-04-08 03:00:30,Exp12_Weather_WeatherLags_Grid_Gridlags_Prices_72h_Delta,DK1,TARGET_Delta_72h,"['Weather', 'WeatherLags', 'Grid', 'GridExchange', 'GridLags', 'GridExchangeLags', 'Prices', 'Time']",SUCCESS,668.0529,45.4364,-137.0884,142.8824,118.173,61.256,975.99,GRU
2026-04-08 03:00:30,Exp12_Weather_WeatherLags_Grid_Gridlags_Prices_72h_Delta,DK1,TARGET_Delta_72h,"['Weather', 'WeatherLags', 'Grid', 'GridExchange', 'GridLags', 'GridExchangeLags', 'Prices', 'Time']",SUCCESS,49.4371,28.2655,0.2438,88.8856,117.5882,61.429,2463.54,Transformer
2026-04-08 03:00:30,Exp12_Weather_WeatherLags_Grid_Gridlags_Prices_72h_Delta,DK1,TARGET_Delta_72h,"['Weather', 'WeatherLags', 'Grid', 'GridExchange', 'GridLags', 'GridExchangeLags', 'Prices', 'Time']",SUCCESS,46.6084,26.3978,0.3279,83.0125,113.754,64.3064,737.6,AutoGluon
2026-04-08 04:26:21,Exp12_Weather_WeatherLags_Grid_Gridlags_Prices_96h_Delta,DK1,TARGET_Delta_96h,"['Weather', 'WeatherLags', 'Grid', 'GridExchange', 'GridLags', 'GridExchangeLags', 'Prices', 'Time']",SUCCESS,2667.9865,88.862,-2047.992,268.6406,118.6014,61.015,996.43,LSTM
2026-04-08 04:26:21,Exp12_Weather_WeatherLags_Grid_Gridlags_Prices_96h_Delta,DK1,TARGET_Delta_96h,"['Weather', 'WeatherLags', 'Grid', 'GridExchange', 'GridLags', 'GridExchangeLags', 'Prices', 'Time']",SUCCESS,1627.1547,76.7415,-761.1329,231.9991,118.0316,61.7802,928.72,GRU
2026-04-08 04:26:21,Exp12_Weather_WeatherLags_Grid_Gridlags_Prices_96h_Delta,DK1,TARGET_Delta_96h,"['Weather', 'WeatherLags', 'Grid', 'GridExchange', 'GridLags', 'GridExchangeLags', 'Prices', 'Time']",SUCCESS,50.2781,28.9058,0.2723,87.3857,117.6992,61.5744,2475.64,Transformer
2026-04-08 04:26:21,Exp12_Weather_WeatherLags_Grid_Gridlags_Prices_96h_Delta,DK1,TARGET_Delta_96h,"['Weather', 'WeatherLags', 'Grid', 'GridExchange', 'GridLags', 'GridExchangeLags', 'Prices', 'Time']",SUCCESS,48.1863,27.1476,0.3316,82.0706,113.6887,64.3903,738.2,AutoGluon
2026-04-08 05:52:30,Exp11_Weather_Grid_Gridlags_Prices_120h_Delta,DK1,TARGET_Delta_120h,"['Weather', 'Grid', 'GridExchange', 'GridLags', 'GridExchangeLags', 'Prices', 'Time']",SUCCESS,1036.7774,45.7465,-306.0888,136.4034,117.2242,61.6413,959.48,LSTM
2026-04-08 05:52:30,Exp11_Weather_Grid_Gridlags_Prices_120h_Delta,DK1,TARGET_Delta_120h,"['Weather', 'Grid', 'GridExchange', 'GridLags', 'GridExchangeLags', 'Prices', 'Time']",SUCCESS,2041.098,68.0184,-1189.202,202.8119,117.2835,62.0396,901.24,GRU
2026-04-08 05:52:30,Exp11_Weather_Grid_Gridlags_Prices_120h_Delta,DK1,TARGET_Delta_120h,"['Weather', 'Grid', 'GridExchange', 'GridLags', 'GridExchangeLags', 'Prices', 'Time']",SUCCESS,52.7083,30.4012,0.2063,90.6479,117.2703,61.8037,2552.85,Transformer
2026-04-08 05:52:30,Exp11_Weather_Grid_Gridlags_Prices_120h_Delta,DK1,TARGET_Delta_120h,"['Weather', 'Grid', 'GridExchange', 'GridLags', 'GridExchangeLags', 'Prices', 'Time']",SUCCESS,49.1948,27.8161,0.3086,82.9397,113.1266,64.3234,743.89,AutoGluon
2026-04-08 07:13:10,Exp4_Weather_WeatherLags_Prices_144h_Delta,DK1,TARGET_Delta_144h,"['Weather', 'WeatherLags', 'Prices', 'Time']",SUCCESS,50.4347,28.5182,0.2473,87.4762,121.8111,63.1913,881.55,LSTM
2026-04-08 07:13:10,Exp4_Weather_WeatherLags_Prices_144h_Delta,DK1,TARGET_Delta_144h,"['Weather', 'WeatherLags', 'Prices', 'Time']",SUCCESS,50.4476,28.0767,0.2469,86.1217,121.6872,63.1442,976.03,GRU
2026-04-08 07:13:10,Exp4_Weather_WeatherLags_Prices_144h_Delta,DK1,TARGET_Delta_144h,"['Weather', 'WeatherLags', 'Prices', 'Time']",SUCCESS,53.214,29.224,0.1621,89.6409,120.2641,64.4374,2212.47,Transformer
2026-04-08 07:13:10,Exp4_Weather_WeatherLags_Prices_144h_Delta,DK1,TARGET_Delta_144h,"['Weather', 'WeatherLags', 'Prices', 'Time']",SUCCESS,50.5305,28.2085,0.2444,86.5262,118.7797,63.7954,762.81,AutoGluon
2026-04-08 08:35:01,Exp4_Weather_WeatherLags_Prices_168h_Delta,DK1,TARGET_Delta_168h,"['Weather', 'WeatherLags', 'Prices', 'Time']",SUCCESS,51.3077,28.7225,0.1733,92.5483,127.7632,60.8944,948.93,LSTM
2026-04-08 08:35:01,Exp4_Weather_WeatherLags_Prices_168h_Delta,DK1,TARGET_Delta_168h,"['Weather', 'WeatherLags', 'Prices', 'Time']",SUCCESS,51.2703,28.4058,0.1745,91.5277,127.5699,61.0595,955.89,GRU
2026-04-08 08:35:01,Exp4_Weather_WeatherLags_Prices_168h_Delta,DK1,TARGET_Delta_168h,"['Weather', 'WeatherLags', 'Prices', 'Time']",SUCCESS,50.6357,28.1584,0.1948,90.7306,125.429,63.1795,2230.31,Transformer
2026-04-08 08:35:01,Exp4_Weather_WeatherLags_Prices_168h_Delta,DK1,TARGET_Delta_168h,"['Weather', 'WeatherLags', 'Prices', 'Time']",SUCCESS,51.284,28.3812,0.174,91.4488,124.5605,62.4274,768.69,AutoGluon
2026-04-08 10:23:05,Exp11_Weather_Grid_Gridlags_Prices_0h_Price,DK1,TARGET_Price_0h,"['Weather', 'Grid', 'GridExchange', 'GridLags', 'GridExchangeLags', 'Prices', 'Time']",SUCCESS,33.2463,16.2098,0.8419,21.3218,28.9959,71.0059,56.84,XGBoost
2026-04-08 10:23:05,Exp11_Weather_Grid_Gridlags_Prices_0h_Price,DK1,TARGET_Price_0h,"['Weather', 'Grid', 'GridExchange', 'GridLags', 'GridExchangeLags', 'Prices', 'Time']",SUCCESS,33.0375,16.1905,0.8439,21.2963,29.0576,71.7213,45.99,LightGBM
2026-04-08 10:23:05,Exp11_Weather_Grid_Gridlags_Prices_0h_Price,DK1,TARGET_Price_0h,"['Weather', 'Grid', 'GridExchange', 'GridLags', 'GridExchangeLags', 'Prices', 'Time']",SUCCESS,31.6309,16.0328,0.8569,21.0889,29.1832,72.1616,81.74,CatBoost
2026-04-08 10:23:05,Exp11_Weather_Grid_Gridlags_Prices_0h_Price,DK1,TARGET_Price_0h,"['Weather', 'Grid', 'GridExchange', 'GridLags', 'GridExchangeLags', 'Prices', 'Time']",SUCCESS,36.1281,18.1118,0.8133,23.8236,31.4128,69.9511,844.78,RandomForest
2026-04-08 10:44:19,Exp13_Total_Information_24h_Price,DK1,TARGET_Price_24h,['All_Features'],SUCCESS,42.9702,23.3816,0.7359,30.7528,37.5626,69.2462,66.07,XGBoost
2026-04-08 10:44:19,Exp13_Total_Information_24h_Price,DK1,TARGET_Price_24h,['All_Features'],SUCCESS,42.5259,23.1919,0.7414,30.5033,37.3818,69.8149,42.4,LightGBM
2026-04-08 10:44:19,Exp13_Total_Information_24h_Price,DK1,TARGET_Price_24h,['All_Features'],SUCCESS,40.7776,22.3626,0.7622,29.4126,36.508,70.4726,79.2,CatBoost
2026-04-08 10:44:19,Exp13_Total_Information_24h_Price,DK1,TARGET_Price_24h,['All_Features'],SUCCESS,42.5971,23.3982,0.7405,30.7747,37.7474,67.7918,1074.16,RandomForest
2026-04-08 11:05:24,Exp13_Total_Information_48h_Price,DK1,TARGET_Price_48h,['All_Features'],SUCCESS,48.903,26.8434,0.658,35.2955,40.9945,68.4705,66.28,XGBoost
2026-04-08 11:05:24,Exp13_Total_Information_48h_Price,DK1,TARGET_Price_48h,['All_Features'],SUCCESS,48.0741,26.7378,0.6695,35.1566,40.9524,68.9789,42.55,LightGBM
2026-04-08 11:05:24,Exp13_Total_Information_48h_Price,DK1,TARGET_Price_48h,['All_Features'],SUCCESS,46.477,25.7894,0.6911,33.9096,39.6605,67.9241,79.94,CatBoost
2026-04-08 11:05:24,Exp13_Total_Information_48h_Price,DK1,TARGET_Price_48h,['All_Features'],SUCCESS,50.454,27.6024,0.636,36.2934,41.5865,66.1408,1064.06,RandomForest
2026-04-08 11:26:38,Exp13_Total_Information_72h_Price,DK1,TARGET_Price_72h,['All_Features'],SUCCESS,49.579,27.8137,0.6485,36.5641,41.9626,68.1285,67.1,XGBoost
2026-04-08 11:26:38,Exp13_Total_Information_72h_Price,DK1,TARGET_Price_72h,['All_Features'],SUCCESS,49.3782,27.7597,0.6513,36.4931,41.7648,68.4037,43.38,LightGBM
2026-04-08 11:26:38,Exp13_Total_Information_72h_Price,DK1,TARGET_Price_72h,['All_Features'],SUCCESS,47.8976,26.7135,0.6719,35.1178,40.5497,66.3858,79.87,CatBoost
2026-04-08 11:26:38,Exp13_Total_Information_72h_Price,DK1,TARGET_Price_72h,['All_Features'],SUCCESS,52.3873,29.1078,0.6075,38.2653,42.7473,65.3337,1070.83,RandomForest
2026-04-08 11:48:07,Exp13_Total_Information_96h_Price,DK1,TARGET_Price_96h,['All_Features'],SUCCESS,51.304,28.3996,0.6235,37.3261,42.2735,68.3133,66.97,XGBoost
2026-04-08 11:48:07,Exp13_Total_Information_96h_Price,DK1,TARGET_Price_96h,['All_Features'],SUCCESS,50.8421,28.5238,0.6303,37.4894,42.492,69.0981,42.8,LightGBM
2026-04-08 11:48:07,Exp13_Total_Information_96h_Price,DK1,TARGET_Price_96h,['All_Features'],SUCCESS,49.2345,27.3505,0.6533,35.9473,41.0174,65.3573,79.88,CatBoost
2026-04-08 11:48:07,Exp13_Total_Information_96h_Price,DK1,TARGET_Price_96h,['All_Features'],SUCCESS,53.6655,29.9102,0.5881,39.3116,43.3763,65.487,1086.52,RandomForest
2026-04-08 11:54:51,Exp3_Weather_Prices_120h_Price,DK1,TARGET_Price_120h,"['Weather', 'Prices', 'Time']",SUCCESS,51.8398,28.7602,0.6156,37.794,42.6865,69.389,24.51,XGBoost
2026-04-08 11:54:51,Exp3_Weather_Prices_120h_Price,DK1,TARGET_Price_120h,"['Weather', 'Prices', 'Time']",SUCCESS,51.7066,28.5999,0.6176,37.5833,42.4894,69.6642,19.09,LightGBM
2026-04-08 11:54:51,Exp3_Weather_Prices_120h_Price,DK1,TARGET_Price_120h,"['Weather', 'Prices', 'Time']",SUCCESS,49.9702,27.7125,0.6428,36.4172,41.4997,65.1188,48.13,CatBoost
2026-04-08 11:54:51,Exp3_Weather_Prices_120h_Price,DK1,TARGET_Price_120h,"['Weather', 'Prices', 'Time']",SUCCESS,52.7918,29.4812,0.6014,38.7414,43.1583,66.5431,307.28,RandomForest
2026-04-08 12:05:14,Exp4_Weather_WeatherLags_Prices_144h_Price,DK1,TARGET_Price_144h,"['Weather', 'WeatherLags', 'Prices', 'Time']",SUCCESS,52.3464,28.7889,0.608,37.8226,42.3057,69.6039,34.73,XGBoost
2026-04-08 12:05:14,Exp4_Weather_WeatherLags_Prices_144h_Price,DK1,TARGET_Price_144h,"['Weather', 'WeatherLags', 'Prices', 'Time']",SUCCESS,52.5873,28.8676,0.6044,37.926,42.3118,70.1726,23.97,LightGBM
2026-04-08 12:05:14,Exp4_Weather_WeatherLags_Prices_144h_Price,DK1,TARGET_Price_144h,"['Weather', 'WeatherLags', 'Prices', 'Time']",SUCCESS,50.7566,27.8031,0.6315,36.5275,41.2857,67.1956,56.37,CatBoost
2026-04-08 12:05:14,Exp4_Weather_WeatherLags_Prices_144h_Price,DK1,TARGET_Price_144h,"['Weather', 'WeatherLags', 'Prices', 'Time']",SUCCESS,53.8122,29.6647,0.5858,38.9732,42.8356,66.8615,501.34,RandomForest
2026-04-08 12:11:57,Exp3_Weather_Prices_168h_Price,DK1,TARGET_Price_168h,"['Weather', 'Prices', 'Time']",SUCCESS,52.6559,29.0986,0.6034,38.2211,42.7635,69.5725,24.05,XGBoost
2026-04-08 12:11:57,Exp3_Weather_Prices_168h_Price,DK1,TARGET_Price_168h,"['Weather', 'Prices', 'Time']",SUCCESS,52.7543,28.9419,0.6019,38.0153,42.4922,70.3626,18.69,LightGBM
2026-04-08 12:11:57,Exp3_Weather_Prices_168h_Price,DK1,TARGET_Price_168h,"['Weather', 'Prices', 'Time']",SUCCESS,50.4567,27.8228,0.6358,36.5454,41.3205,65.825,47.99,CatBoost
2026-04-08 12:11:57,Exp3_Weather_Prices_168h_Price,DK1,TARGET_Price_168h,"['Weather', 'Prices', 'Time']",SUCCESS,54.1965,29.7634,0.5798,39.0944,42.9242,67.5271,306.55,RandomForest
2026-04-08 12:27:19,Exp8_Weather_WeatherLags_Grid_Prices_24h_Delta,DK1,TARGET_Delta_24h,"['Weather', 'WeatherLags', 'Grid', 'GridExchange', 'Prices', 'Time']",SUCCESS,37.499,21.2671,0.2,92.3106,123.6386,60.0152,49.64,XGBoost
2026-04-08 12:27:19,Exp8_Weather_WeatherLags_Grid_Prices_24h_Delta,DK1,TARGET_Delta_24h,"['Weather', 'WeatherLags', 'Grid', 'GridExchange', 'Prices', 'Time']",SUCCESS,37.155,21.1283,0.2146,91.7079,123.7217,60.4319,33.07,LightGBM
2026-04-08 12:27:19,Exp8_Weather_WeatherLags_Grid_Prices_24h_Delta,DK1,TARGET_Delta_24h,"['Weather', 'WeatherLags', 'Grid', 'GridExchange', 'Prices', 'Time']",SUCCESS,36.0487,20.2177,0.2607,87.7553,125.144,60.4804,67.74,CatBoost
2026-04-08 12:27:19,Exp8_Weather_WeatherLags_Grid_Prices_24h_Delta,DK1,TARGET_Delta_24h,"['Weather', 'WeatherLags', 'Grid', 'GridExchange', 'Prices', 'Time']",SUCCESS,37.3035,21.1969,0.2083,92.0058,126.97,58.6433,762.6,RandomForest
2026-04-08 12:48:08,Exp12_Weather_WeatherLags_Grid_Gridlags_Prices_48h_Delta,DK1,TARGET_Delta_48h,"['Weather', 'WeatherLags', 'Grid', 'GridExchange', 'GridLags', 'GridExchangeLags', 'Prices', 'Time']",SUCCESS,44.2904,24.9522,0.3083,83.8384,113.8184,62.3803,65.56,XGBoost
2026-04-08 12:48:08,Exp12_Weather_WeatherLags_Grid_Gridlags_Prices_48h_Delta,DK1,TARGET_Delta_48h,"['Weather', 'WeatherLags', 'Grid', 'GridExchange', 'GridLags', 'GridExchangeLags', 'Prices', 'Time']",SUCCESS,43.9012,24.7337,0.3204,83.1044,113.839,62.6043,41.52,LightGBM
2026-04-08 12:48:08,Exp12_Weather_WeatherLags_Grid_Gridlags_Prices_48h_Delta,DK1,TARGET_Delta_48h,"['Weather', 'WeatherLags', 'Grid', 'GridExchange', 'GridLags', 'GridExchangeLags', 'Prices', 'Time']",SUCCESS,42.9808,23.9976,0.3486,80.631,115.1178,62.8533,79.02,CatBoost
2026-04-08 12:48:08,Exp12_Weather_WeatherLags_Grid_Gridlags_Prices_48h_Delta,DK1,TARGET_Delta_48h,"['Weather', 'WeatherLags', 'Grid', 'GridExchange', 'GridLags', 'GridExchangeLags', 'Prices', 'Time']",SUCCESS,44.9453,25.0808,0.2877,84.2707,116.2463,60.9285,1050.47,RandomForest
2026-04-08 13:09:00,Exp12_Weather_WeatherLags_Grid_Gridlags_Prices_72h_Delta,DK1,TARGET_Delta_72h,"['Weather', 'WeatherLags', 'Grid', 'GridExchange', 'GridLags', 'GridExchangeLags', 'Prices', 'Time']",SUCCESS,46.3195,26.1548,0.3362,82.2483,113.8416,61.9046,65.88,XGBoost
2026-04-08 13:09:00,Exp12_Weather_WeatherLags_Grid_Gridlags_Prices_72h_Delta,DK1,TARGET_Delta_72h,"['Weather', 'WeatherLags', 'Grid', 'GridExchange', 'GridLags', 'GridExchangeLags', 'Prices', 'Time']",SUCCESS,46.629,26.2064,0.3273,82.4103,114.0853,62.3908,42.2,LightGBM
2026-04-08 13:09:00,Exp12_Weather_WeatherLags_Grid_Gridlags_Prices_72h_Delta,DK1,TARGET_Delta_72h,"['Weather', 'WeatherLags', 'Grid', 'GridExchange', 'GridLags', 'GridExchangeLags', 'Prices', 'Time']",SUCCESS,45.3631,25.179,0.3633,79.1795,114.4847,62.3514,78.99,CatBoost
2026-04-08 13:09:00,Exp12_Weather_WeatherLags_Grid_Gridlags_Prices_72h_Delta,DK1,TARGET_Delta_72h,"['Weather', 'WeatherLags', 'Grid', 'GridExchange', 'GridLags', 'GridExchangeLags', 'Prices', 'Time']",SUCCESS,47.7836,26.6337,0.2935,83.7541,115.7915,61.1106,1052.57,RandomForest
2026-04-08 13:29:52,Exp12_Weather_WeatherLags_Grid_Gridlags_Prices_96h_Delta,DK1,TARGET_Delta_96h,"['Weather', 'WeatherLags', 'Grid', 'GridExchange', 'GridLags', 'GridExchangeLags', 'Prices', 'Time']",SUCCESS,48.2171,27.0186,0.3308,81.6806,113.8287,62.586,65.01,XGBoost
2026-04-08 13:29:52,Exp12_Weather_WeatherLags_Grid_Gridlags_Prices_96h_Delta,DK1,TARGET_Delta_96h,"['Weather', 'WeatherLags', 'Grid', 'GridExchange', 'GridLags', 'GridExchangeLags', 'Prices', 'Time']",SUCCESS,48.0717,27.009,0.3348,81.6514,114.1768,62.8258,42.22,LightGBM
2026-04-08 13:29:52,Exp12_Weather_WeatherLags_Grid_Gridlags_Prices_96h_Delta,DK1,TARGET_Delta_96h,"['Weather', 'WeatherLags', 'Grid', 'GridExchange', 'GridLags', 'GridExchangeLags', 'Prices', 'Time']",SUCCESS,46.7214,25.8664,0.3716,78.1974,114.3642,63.4193,78.44,CatBoost
2026-04-08 13:29:52,Exp12_Weather_WeatherLags_Grid_Gridlags_Prices_96h_Delta,DK1,TARGET_Delta_96h,"['Weather', 'WeatherLags', 'Grid', 'GridExchange', 'GridLags', 'GridExchangeLags', 'Prices', 'Time']",SUCCESS,48.7729,27.1902,0.3153,82.1993,116.4846,60.2799,1054.63,RandomForest
2026-04-08 13:47:15,Exp11_Weather_Grid_Gridlags_Prices_120h_Delta,DK1,TARGET_Delta_120h,"['Weather', 'Grid', 'GridExchange', 'GridLags', 'GridExchangeLags', 'Prices', 'Time']",SUCCESS,49.2661,27.5112,0.3066,82.0306,113.3538,62.6305,53.47,XGBoost
2026-04-08 13:47:15,Exp11_Weather_Grid_Gridlags_Prices_120h_Delta,DK1,TARGET_Delta_120h,"['Weather', 'Grid', 'GridExchange', 'GridLags', 'GridExchangeLags', 'Prices', 'Time']",SUCCESS,48.7212,27.332,0.3218,81.4965,113.1209,63.1258,37.34,LightGBM
2026-04-08 13:47:15,Exp11_Weather_Grid_Gridlags_Prices_120h_Delta,DK1,TARGET_Delta_120h,"['Weather', 'Grid', 'GridExchange', 'GridLags', 'GridExchangeLags', 'Prices', 'Time']",SUCCESS,46.7625,26.1129,0.3753,77.8615,113.6282,63.8098,71.05,CatBoost
2026-04-08 13:47:15,Exp11_Weather_Grid_Gridlags_Prices_120h_Delta,DK1,TARGET_Delta_120h,"['Weather', 'Grid', 'GridExchange', 'GridLags', 'GridExchangeLags', 'Prices', 'Time']",SUCCESS,49.6099,27.6381,0.2969,82.4092,115.8657,61.581,870.32,RandomForest
2026-04-08 13:57:15,Exp4_Weather_WeatherLags_Prices_144h_Delta,DK1,TARGET_Delta_144h,"['Weather', 'WeatherLags', 'Prices', 'Time']",SUCCESS,49.8608,27.648,0.2643,84.8069,118.9511,63.2922,34.38,XGBoost
2026-04-08 13:57:15,Exp4_Weather_WeatherLags_Prices_144h_Delta,DK1,TARGET_Delta_144h,"['Weather', 'WeatherLags', 'Prices', 'Time']",SUCCESS,49.6389,27.596,0.2709,84.6474,118.8673,63.4468,23.87,LightGBM
2026-04-08 13:57:15,Exp4_Weather_WeatherLags_Prices_144h_Delta,DK1,TARGET_Delta_144h,"['Weather', 'WeatherLags', 'Prices', 'Time']",SUCCESS,47.3742,26.3685,0.3359,80.8821,120.1726,63.9985,56.11,CatBoost
2026-04-08 13:57:15,Exp4_Weather_WeatherLags_Prices_144h_Delta,DK1,TARGET_Delta_144h,"['Weather', 'WeatherLags', 'Prices', 'Time']",SUCCESS,50.2943,27.8192,0.2515,85.3321,121.9944,61.8234,478.88,RandomForest
2026-04-08 14:07:20,Exp4_Weather_WeatherLags_Prices_168h_Delta,DK1,TARGET_Delta_168h,"['Weather', 'WeatherLags', 'Prices', 'Time']",SUCCESS,50.7556,28.0416,0.1909,90.3545,125.7683,61.5718,34.57,XGBoost
2026-04-08 14:07:20,Exp4_Weather_WeatherLags_Prices_168h_Delta,DK1,TARGET_Delta_168h,"['Weather', 'WeatherLags', 'Prices', 'Time']",SUCCESS,50.4607,27.7451,0.2003,89.3989,125.2877,61.8313,24.11,LightGBM
2026-04-08 14:07:20,Exp4_Weather_WeatherLags_Prices_168h_Delta,DK1,TARGET_Delta_168h,"['Weather', 'WeatherLags', 'Prices', 'Time']",SUCCESS,47.6836,26.3361,0.2859,84.8589,127.2726,59.8632,55.97,CatBoost
2026-04-08 14:07:20,Exp4_Weather_WeatherLags_Prices_168h_Delta,DK1,TARGET_Delta_168h,"['Weather', 'WeatherLags', 'Prices', 'Time']",SUCCESS,50.7689,27.8909,0.1905,89.8687,128.8494,59.7951,484.25,RandomForest
2026-04-08 21:49:26,Exp1_Weather_Only_24h_Price,DK1,TARGET_Price_24h,"['Weather', 'Time']",SUCCESS,85.9671,45.4443,-0.0569,59.7709,63.7181,64.976,980.74,LSTM
2026-04-08 21:49:26,Exp1_Weather_Only_24h_Price,DK1,TARGET_Price_24h,"['Weather', 'Time']",SUCCESS,85.7426,45.1833,-0.0514,59.4277,63.6645,65.1555,917.58,GRU
2026-04-08 21:49:26,Exp1_Weather_Only_24h_Price,DK1,TARGET_Price_24h,"['Weather', 'Time']",SUCCESS,84.5321,44.7071,-0.0219,58.8013,63.131,65.2511,2122.71,Transformer
2026-04-08 21:49:26,Exp1_Weather_Only_24h_Price,DK1,TARGET_Price_24h,"['Weather', 'Time']",SUCCESS,86.0947,45.6186,-0.06,60.0002,66.1958,66.0163,793.69,AutoGluon
2026-04-08 23:08:57,Exp2_Weather_WeatherLags_Only_24h_Price,DK1,TARGET_Price_24h,"['Weather', 'WeatherLags', 'Time']",SUCCESS,86.0605,45.6508,-0.0592,60.0425,63.0267,63.0577,1023.58,LSTM
2026-04-08 23:08:57,Exp2_Weather_WeatherLags_Only_24h_Price,DK1,TARGET_Price_24h,"['Weather', 'WeatherLags', 'Time']",SUCCESS,85.8544,45.4784,-0.0541,59.8157,63.2804,62.9542,1002.82,GRU
2026-04-08 23:08:57,Exp2_Weather_WeatherLags_Only_24h_Price,DK1,TARGET_Price_24h,"['Weather', 'WeatherLags', 'Time']",SUCCESS,82.7482,44.5236,0.0208,58.56,63.7589,64.7349,1963.39,Transformer
2026-04-08 23:08:57,Exp2_Weather_WeatherLags_Only_24h_Price,DK1,TARGET_Price_24h,"['Weather', 'WeatherLags', 'Time']",SUCCESS,85.1161,44.9623,-0.0361,59.137,64.5618,66.5103,774.82,AutoGluon
2026-04-09 00:26:35,Exp3_Weather_Prices_24h_Price,DK1,TARGET_Price_24h,"['Weather', 'Prices', 'Time']",SUCCESS,39.3964,22.7115,0.778,29.8714,37.9592,70.829,875.54,LSTM
2026-04-09 00:26:35,Exp3_Weather_Prices_24h_Price,DK1,TARGET_Price_24h,"['Weather', 'Prices', 'Time']",SUCCESS,39.4143,22.9111,0.7778,30.134,38.2473,70.7832,900.1,GRU
2026-04-09 00:26:35,Exp3_Weather_Prices_24h_Price,DK1,TARGET_Price_24h,"['Weather', 'Prices', 'Time']",SUCCESS,42.3296,23.5666,0.7438,30.9961,38.5323,72.7512,2089.38,Transformer
2026-04-09 00:26:35,Exp3_Weather_Prices_24h_Price,DK1,TARGET_Price_24h,"['Weather', 'Prices', 'Time']",SUCCESS,44.5459,24.5428,0.7162,32.2801,39.069,70.8644,787.93,AutoGluon
2026-04-09 01:42:07,Exp4_Weather_WeatherLags_Prices_24h_Price,DK1,TARGET_Price_24h,"['Weather', 'WeatherLags', 'Prices', 'Time']",SUCCESS,40.8702,23.4653,0.7611,30.8628,38.4406,70.3193,894.83,LSTM
2026-04-09 01:42:07,Exp4_Weather_WeatherLags_Prices_24h_Price,DK1,TARGET_Price_24h,"['Weather', 'WeatherLags', 'Prices', 'Time']",SUCCESS,40.23,23.2069,0.7685,30.5231,38.2027,71.264,837.5,GRU
2026-04-09 01:42:07,Exp4_Weather_WeatherLags_Prices_24h_Price,DK1,TARGET_Price_24h,"['Weather', 'WeatherLags', 'Prices', 'Time']",SUCCESS,42.4189,23.9096,0.7427,31.4473,39.1367,72.0319,2028.23,Transformer
2026-04-09 01:42:07,Exp4_Weather_WeatherLags_Prices_24h_Price,DK1,TARGET_Price_24h,"['Weather', 'WeatherLags', 'Prices', 'Time']",SUCCESS,45.1242,24.5554,0.7088,32.2967,38.6783,71.3427,764.79,AutoGluon
2026-04-09 03:06:52,Exp5_Weather_Grid_24h_Price,DK1,TARGET_Price_24h,"['Weather', 'Grid', 'GridExchange', 'Time']",SUCCESS,4436.0673,183.137,-2813.2003,240.8722,49.4589,63.2739,1014.51,LSTM
2026-04-09 03:06:52,Exp5_Weather_Grid_24h_Price,DK1,TARGET_Price_24h,"['Weather', 'Grid', 'GridExchange', 'Time']",SUCCESS,2043.9119,99.1168,-596.4246,130.364,47.9406,63.7574,1096.26,GRU
2026-04-09 03:06:52,Exp5_Weather_Grid_24h_Price,DK1,TARGET_Price_24h,"['Weather', 'Grid', 'GridExchange', 'Time']",SUCCESS,62.0433,33.313,0.4495,43.8152,48.4281,64.6615,2204.1,Transformer
2026-04-09 03:06:52,Exp5_Weather_Grid_24h_Price,DK1,TARGET_Price_24h,"['Weather', 'Grid', 'GridExchange', 'Time']",SUCCESS,60.9444,33.0963,0.4688,43.5302,47.1104,69.3484,762.5,AutoGluon
2026-04-09 04:30:31,Exp6_Weather_WeatherLags_Grid_24h_Price,DK1,TARGET_Price_24h,"['Weather', 'WeatherLags', 'Grid', 'GridExchange', 'Time']",SUCCESS,7092.7458,249.7512,-7193.2833,328.487,50.1383,63.2189,1029.89,LSTM
2026-04-09 04:30:31,Exp6_Weather_WeatherLags_Grid_24h_Price,DK1,TARGET_Price_24h,"['Weather', 'WeatherLags', 'Grid', 'GridExchange', 'Time']",SUCCESS,6817.652,167.518,-6646.0418,220.3292,49.1877,63.3158,964.2,GRU
2026-04-09 04:30:31,Exp6_Weather_WeatherLags_Grid_24h_Price,DK1,TARGET_Price_24h,"['Weather', 'WeatherLags', 'Grid', 'GridExchange', 'Time']",SUCCESS,63.968,33.9824,0.4148,44.6955,48.6822,64.5383,2266.61,Transformer
2026-04-09 04:30:31,Exp6_Weather_WeatherLags_Grid_24h_Price,DK1,TARGET_Price_24h,"['Weather', 'WeatherLags', 'Grid', 'GridExchange', 'Time']",SUCCESS,61.3222,33.1159,0.4622,43.5559,46.9406,69.752,750.24,AutoGluon
2026-04-09 05:48:04,Exp7_Weather_Grid_Prices_24h_Price,DK1,TARGET_Price_24h,"['Weather', 'Grid', 'GridExchange', 'Prices', 'Time']",SUCCESS,5845.794,183.9657,-4886.0385,241.9622,40.0473,66.699,863.51,LSTM
2026-04-09 05:48:04,Exp7_Weather_Grid_Prices_24h_Price,DK1,TARGET_Price_24h,"['Weather', 'Grid', 'GridExchange', 'Prices', 'Time']",SUCCESS,3870.2666,105.1069,-2141.1038,138.2426,39.1988,68.1809,833.26,GRU
2026-04-09 05:48:04,Exp7_Weather_Grid_Prices_24h_Price,DK1,TARGET_Price_24h,"['Weather', 'Grid', 'GridExchange', 'Prices', 'Time']",SUCCESS,42.6852,24.7246,0.7394,32.5192,40.1593,68.7457,2192.1,Transformer
2026-04-09 05:48:04,Exp7_Weather_Grid_Prices_24h_Price,DK1,TARGET_Price_24h,"['Weather', 'Grid', 'GridExchange', 'Prices', 'Time']",SUCCESS,44.584,24.6859,0.7157,32.4683,39.0018,71.0413,756.22,AutoGluon
2026-04-09 07:05:11,Exp8_Weather_WeatherLags_Grid_Prices_24h_Price,DK1,TARGET_Price_24h,"['Weather', 'WeatherLags', 'Grid', 'GridExchange', 'Prices', 'Time']",SUCCESS,1820.4317,83.627,-472.9227,109.9909,39.8515,66.7344,904.62,LSTM
2026-04-09 07:05:11,Exp8_Weather_WeatherLags_Grid_Prices_24h_Price,DK1,TARGET_Price_24h,"['Weather', 'WeatherLags', 'Grid', 'GridExchange', 'Prices', 'Time']",SUCCESS,8137.5318,216.5123,-9468.8728,284.7692,40.069,67.3004,894.15,GRU
2026-04-09 07:05:11,Exp8_Weather_WeatherLags_Grid_Prices_24h_Price,DK1,TARGET_Price_24h,"['Weather', 'WeatherLags', 'Grid', 'GridExchange', 'Prices', 'Time']",SUCCESS,43.4087,24.9006,0.7305,32.7507,40.5065,68.7535,2071.03,Transformer
2026-04-09 07:05:11,Exp8_Weather_WeatherLags_Grid_Prices_24h_Price,DK1,TARGET_Price_24h,"['Weather', 'WeatherLags', 'Grid', 'GridExchange', 'Prices', 'Time']",SUCCESS,45.3071,24.7876,0.7064,32.6021,38.9271,71.4645,747.23,AutoGluon
2026-04-09 08:30:15,Exp9_Weather_Grid_Gridlags_24h_Price,DK1,TARGET_Price_24h,"['Weather', 'Grid', 'GridExchange', 'GridLags', 'GridExchangeLags', 'Time']",SUCCESS,1998.4502,95.7174,-570.1437,125.893,48.669,61.8195,997.1,LSTM
2026-04-09 08:30:15,Exp9_Weather_Grid_Gridlags_24h_Price,DK1,TARGET_Price_24h,"['Weather', 'Grid', 'GridExchange', 'GridLags', 'GridExchangeLags', 'Time']",SUCCESS,5776.0948,243.3587,-4770.1972,320.0791,49.0788,62.9018,1002.07,GRU
2026-04-09 08:30:15,Exp9_Weather_Grid_Gridlags_24h_Price,DK1,TARGET_Price_24h,"['Weather', 'Grid', 'GridExchange', 'GridLags', 'GridExchangeLags', 'Time']",SUCCESS,63.6685,34.2547,0.4203,45.0537,48.638,63.4272,2342.42,Transformer
2026-04-09 08:30:15,Exp9_Weather_Grid_Gridlags_24h_Price,DK1,TARGET_Price_24h,"['Weather', 'Grid', 'GridExchange', 'GridLags', 'GridExchangeLags', 'Time']",SUCCESS,59.4181,31.9845,0.4951,42.0678,45.8159,69.8607,753.19,AutoGluon
2026-04-09 09:54:55,Exp10_Weather_WeatherLags_Grid_Gridlags_24h_Price,DK1,TARGET_Price_24h,"['Weather', 'WeatherLags', 'Grid', 'GridExchange', 'GridLags', 'GridExchangeLags', 'Time']",SUCCESS,2196.6085,99.6851,-689.0238,131.1115,48.4926,62.776,1016.57,LSTM
2026-04-09 09:54:55,Exp10_Weather_WeatherLags_Grid_Gridlags_24h_Price,DK1,TARGET_Price_24h,"['Weather', 'WeatherLags', 'Grid', 'GridExchange', 'GridLags', 'GridExchangeLags', 'Time']",SUCCESS,7828.9954,270.0855,-8764.3814,355.2317,48.0166,63.0092,940.93,GRU
2026-04-09 09:54:55,Exp10_Weather_WeatherLags_Grid_Gridlags_24h_Price,DK1,TARGET_Price_24h,"['Weather', 'WeatherLags', 'Grid', 'GridExchange', 'GridLags', 'GridExchangeLags', 'Time']",SUCCESS,61.9219,33.7482,0.4517,44.3876,48.5123,64.8567,2371.53,Transformer
2026-04-09 09:54:55,Exp10_Weather_WeatherLags_Grid_Gridlags_24h_Price,DK1,TARGET_Price_24h,"['Weather', 'WeatherLags', 'Grid', 'GridExchange', 'GridLags', 'GridExchangeLags', 'Time']",SUCCESS,59.6802,31.9704,0.4906,42.0493,45.7331,69.769,738.98,AutoGluon
2026-04-09 11:10:40,Exp11_Weather_Grid_Gridlags_Prices_24h_Price,DK1,TARGET_Price_24h,"['Weather', 'Grid', 'GridExchange', 'GridLags', 'GridExchangeLags', 'Prices', 'Time']",SUCCESS,3718.6297,125.9425,-1976.537,165.6466,40.4681,65.9207,838.37,LSTM
2026-04-09 11:10:40,Exp11_Weather_Grid_Gridlags_Prices_24h_Price,DK1,TARGET_Price_24h,"['Weather', 'Grid', 'GridExchange', 'GridLags', 'GridExchangeLags', 'Prices', 'Time']",SUCCESS,7844.6331,258.4013,-8799.4325,339.864,39.9701,66.3439,905.9,GRU
2026-04-09 11:10:40,Exp11_Weather_Grid_Gridlags_Prices_24h_Price,DK1,TARGET_Price_24h,"['Weather', 'Grid', 'GridExchange', 'GridLags', 'GridExchangeLags', 'Prices', 'Time']",SUCCESS,44.6573,25.5433,0.7148,33.596,41.2804,67.3777,2046.49,Transformer
2026-04-09 11:10:40,Exp11_Weather_Grid_Gridlags_Prices_24h_Price,DK1,TARGET_Price_24h,"['Weather', 'Grid', 'GridExchange', 'GridLags', 'GridExchangeLags', 'Prices', 'Time']",SUCCESS,45.1098,24.6706,0.709,32.4482,38.655,70.7714,743.53,AutoGluon
2026-04-09 12:29:27,Exp12_Weather_WeatherLags_Grid_Gridlags_Prices_24h_Price,DK1,TARGET_Price_24h,"['Weather', 'WeatherLags', 'Grid', 'GridExchange', 'GridLags', 'GridExchangeLags', 'Prices', 'Time']",SUCCESS,1878.3385,74.0989,-503.5526,97.4591,40.7309,65.7962,913.55,LSTM
2026-04-09 12:29:27,Exp12_Weather_WeatherLags_Grid_Gridlags_Prices_24h_Price,DK1,TARGET_Price_24h,"['Weather', 'WeatherLags', 'Grid', 'GridExchange', 'GridLags', 'GridExchangeLags', 'Prices', 'Time']",SUCCESS,3534.497,129.6851,-1785.5451,170.5692,41.1776,66.2548,860.86,GRU
2026-04-09 12:29:27,Exp12_Weather_WeatherLags_Grid_Gridlags_Prices_24h_Price,DK1,TARGET_Price_24h,"['Weather', 'WeatherLags', 'Grid', 'GridExchange', 'GridLags', 'GridExchangeLags', 'Prices', 'Time']",SUCCESS,44.8247,25.7646,0.7127,33.887,41.5535,66.792,2202.89,Transformer
2026-04-09 12:29:27,Exp12_Weather_WeatherLags_Grid_Gridlags_Prices_24h_Price,DK1,TARGET_Price_24h,"['Weather', 'WeatherLags', 'Grid', 'GridExchange', 'GridLags', 'GridExchangeLags', 'Prices', 'Time']",SUCCESS,45.4497,24.7925,0.7046,32.6085,38.7573,71.1658,737.24,AutoGluon
2026-04-09 13:50:29,Exp13_Total_Information_24h_Price,DK1,TARGET_Price_24h,['All_Features'],SUCCESS,2154.4571,99.9895,-662.7957,131.5119,41.354,65.9941,901.96,LSTM
2026-04-09 13:50:29,Exp13_Total_Information_24h_Price,DK1,TARGET_Price_24h,['All_Features'],SUCCESS,6122.706,238.3736,-5359.9969,313.5224,40.4848,66.4631,854.12,GRU
2026-04-09 13:50:29,Exp13_Total_Information_24h_Price,DK1,TARGET_Price_24h,['All_Features'],SUCCESS,43.8526,25.3616,0.725,33.357,41.4826,66.9558,2355.71,Transformer
2026-04-09 13:50:29,Exp13_Total_Information_24h_Price,DK1,TARGET_Price_24h,['All_Features'],SUCCESS,45.0413,24.4252,0.7099,32.1254,38.3361,71.3859,737.37,AutoGluon
2026-04-09 15:09:48,Exp1_Weather_Only_24h_Delta,DK1,TARGET_Delta_24h,"['Weather', 'Time']",SUCCESS,39.9794,22.0019,0.0907,95.4996,141.2363,53.1126,869.46,LSTM
2026-04-09 15:09:48,Exp1_Weather_Only_24h_Delta,DK1,TARGET_Delta_24h,"['Weather', 'Time']",SUCCESS,39.7886,21.8982,0.0993,95.0497,141.4621,51.8403,904.29,GRU
2026-04-09 15:09:48,Exp1_Weather_Only_24h_Delta,DK1,TARGET_Delta_24h,"['Weather', 'Time']",SUCCESS,39.6473,21.7481,0.1057,94.3982,139.3292,53.3406,2195.86,Transformer
2026-04-09 15:09:48,Exp1_Weather_Only_24h_Delta,DK1,TARGET_Delta_24h,"['Weather', 'Time']",SUCCESS,39.6347,22.1089,0.1063,95.9641,136.5877,53.8686,784.97,AutoGluon
2026-04-09 16:28:39,Exp2_Weather_WeatherLags_Only_24h_Delta,DK1,TARGET_Delta_24h,"['Weather', 'WeatherLags', 'Time']",SUCCESS,40.27,22.3067,0.0774,96.8229,143.3815,52.3592,906.95,LSTM
2026-04-09 16:28:39,Exp2_Weather_WeatherLags_Only_24h_Delta,DK1,TARGET_Delta_24h,"['Weather', 'WeatherLags', 'Time']",SUCCESS,40.0848,22.1791,0.0859,96.2691,143.1675,52.4732,917.87,GRU
2026-04-09 16:28:39,Exp2_Weather_WeatherLags_Only_24h_Delta,DK1,TARGET_Delta_24h,"['Weather', 'WeatherLags', 'Time']",SUCCESS,39.8837,22.0236,0.095,95.5941,140.9598,52.9174,2129.96,Transformer
2026-04-09 16:28:39,Exp2_Weather_WeatherLags_Only_24h_Delta,DK1,TARGET_Delta_24h,"['Weather', 'WeatherLags', 'Time']",SUCCESS,39.6065,21.9652,0.1076,95.3405,135.9606,53.334,770.55,AutoGluon
2026-04-09 17:44:39,Exp3_Weather_Prices_24h_Delta,DK1,TARGET_Delta_24h,"['Weather', 'Prices', 'Time']",SUCCESS,38.6738,22.0161,0.1491,95.5613,128.421,61.6242,836.36,LSTM
2026-04-09 17:44:39,Exp3_Weather_Prices_24h_Delta,DK1,TARGET_Delta_24h,"['Weather', 'Prices', 'Time']",SUCCESS,39.5583,22.3443,0.1097,96.9862,128.5489,60.9665,876.08,GRU
2026-04-09 17:44:39,Exp3_Weather_Prices_24h_Delta,DK1,TARGET_Delta_24h,"['Weather', 'Prices', 'Time']",SUCCESS,38.8129,22.1173,0.143,96.0008,127.8128,62.9738,2066.85,Transformer
2026-04-09 17:44:39,Exp3_Weather_Prices_24h_Delta,DK1,TARGET_Delta_24h,"['Weather', 'Prices', 'Time']",SUCCESS,38.2716,22.0634,0.1667,95.7667,125.3767,62.0121,776.06,AutoGluon
2026-04-09 19:00:00,Exp4_Weather_WeatherLags_Prices_24h_Delta,DK1,TARGET_Delta_24h,"['Weather', 'WeatherLags', 'Prices', 'Time']",SUCCESS,39.7223,22.4552,0.1023,97.4673,129.7608,61.2338,830.15,LSTM
2026-04-09 19:00:00,Exp4_Weather_WeatherLags_Prices_24h_Delta,DK1,TARGET_Delta_24h,"['Weather', 'WeatherLags', 'Prices', 'Time']",SUCCESS,39.6486,22.4531,0.1057,97.4583,128.8924,61.0032,895.44,GRU
2026-04-09 19:00:00,Exp4_Weather_WeatherLags_Prices_24h_Delta,DK1,TARGET_Delta_24h,"['Weather', 'WeatherLags', 'Prices', 'Time']",SUCCESS,39.4804,22.3199,0.1132,96.8799,128.489,62.4143,2024.96,Transformer
2026-04-09 19:00:00,Exp4_Weather_WeatherLags_Prices_24h_Delta,DK1,TARGET_Delta_24h,"['Weather', 'WeatherLags', 'Prices', 'Time']",SUCCESS,37.6182,21.6119,0.1949,93.8069,124.5752,62.4916,763.65,AutoGluon
2026-04-09 20:27:10,Exp5_Weather_Grid_24h_Delta,DK1,TARGET_Delta_24h,"['Weather', 'Grid', 'GridExchange', 'Time']",SUCCESS,2676.6844,62.4305,-4075.0087,270.981,134.7187,52.9934,950.87,LSTM
2026-04-09 20:27:10,Exp5_Weather_Grid_24h_Delta,DK1,TARGET_Delta_24h,"['Weather', 'Grid', 'GridExchange', 'Time']",SUCCESS,842.164,34.3683,-402.4913,149.1764,134.3277,52.084,961.8,GRU
2026-04-09 20:27:10,Exp5_Weather_Grid_24h_Delta,DK1,TARGET_Delta_24h,"['Weather', 'Grid', 'GridExchange', 'Time']",SUCCESS,40.5024,23.2441,0.0667,100.8915,132.5865,53.5948,2526.7,Transformer
2026-04-09 20:27:10,Exp5_Weather_Grid_24h_Delta,DK1,TARGET_Delta_24h,"['Weather', 'Grid', 'GridExchange', 'Time']",SUCCESS,38.5368,22.3414,0.1551,96.9736,125.667,55.513,782.54,AutoGluon
2026-04-09 22:06:17,Exp6_Weather_WeatherLags_Grid_24h_Delta,DK1,TARGET_Delta_24h,"['Weather', 'WeatherLags', 'Grid', 'GridExchange', 'Time']",SUCCESS,715.5248,44.578,-290.2662,193.4921,134.1187,53.1755,1425.4,LSTM
2026-04-09 22:06:17,Exp6_Weather_WeatherLags_Grid_24h_Delta,DK1,TARGET_Delta_24h,"['Weather', 'WeatherLags', 'Grid', 'GridExchange', 'Time']",SUCCESS,62.5962,23.0177,-1.2291,99.9087,134.4364,53.0903,1504.7,GRU
2026-04-09 22:06:17,Exp6_Weather_WeatherLags_Grid_24h_Delta,DK1,TARGET_Delta_24h,"['Weather', 'WeatherLags', 'Grid', 'GridExchange', 'Time']",SUCCESS,40.3315,23.1344,0.0746,100.4156,132.933,53.2056,2254.8,Transformer
2026-04-09 22:06:17,Exp6_Weather_WeatherLags_Grid_24h_Delta,DK1,TARGET_Delta_24h,"['Weather', 'WeatherLags', 'Grid', 'GridExchange', 'Time']",SUCCESS,38.207,22.1536,0.1695,96.1581,125.7119,55.1449,750.33,AutoGluon
2026-04-09 23:24:32,Exp7_Weather_Grid_Prices_24h_Delta,DK1,TARGET_Delta_24h,"['Weather', 'Grid', 'GridExchange', 'Prices', 'Time']",SUCCESS,124.762,26.536,-7.8554,115.1803,129.6217,59.136,884.51,LSTM
2026-04-09 23:24:32,Exp7_Weather_Grid_Prices_24h_Delta,DK1,TARGET_Delta_24h,"['Weather', 'Grid', 'GridExchange', 'Prices', 'Time']",SUCCESS,604.5479,39.6073,-206.9228,171.9164,130.2808,58.6407,889.06,GRU
2026-04-09 23:24:32,Exp7_Weather_Grid_Prices_24h_Delta,DK1,TARGET_Delta_24h,"['Weather', 'Grid', 'GridExchange', 'Prices', 'Time']",SUCCESS,40.0356,23.046,0.0881,100.0319,128.0953,59.6431,2152.17,Transformer
2026-04-09 23:24:32,Exp7_Weather_Grid_Prices_24h_Delta,DK1,TARGET_Delta_24h,"['Weather', 'Grid', 'GridExchange', 'Prices', 'Time']",SUCCESS,37.8881,21.8754,0.1833,94.9509,123.3047,61.8653,760.38,AutoGluon
2026-04-10 00:40:32,Exp8_Weather_WeatherLags_Grid_Prices_24h_Delta,DK1,TARGET_Delta_24h,"['Weather', 'WeatherLags', 'Grid', 'GridExchange', 'Prices', 'Time']",SUCCESS,45.4474,23.4769,-0.1751,101.902,129.8223,59.478,880.75,LSTM
2026-04-10 00:40:32,Exp8_Weather_WeatherLags_Grid_Prices_24h_Delta,DK1,TARGET_Delta_24h,"['Weather', 'WeatherLags', 'Grid', 'GridExchange', 'Prices', 'Time']",SUCCESS,831.8621,34.0222,-392.6801,147.6744,129.1748,59.7034,897.51,GRU
2026-04-10 00:40:32,Exp8_Weather_WeatherLags_Grid_Prices_24h_Delta,DK1,TARGET_Delta_24h,"['Weather', 'WeatherLags', 'Grid', 'GridExchange', 'Prices', 'Time']",SUCCESS,39.3037,22.8456,0.1212,99.1619,127.5383,60.4974,2027.99,Transformer
2026-04-10 00:40:32,Exp8_Weather_WeatherLags_Grid_Prices_24h_Delta,DK1,TARGET_Delta_24h,"['Weather', 'WeatherLags', 'Grid', 'GridExchange', 'Prices', 'Time']",SUCCESS,37.3767,21.5813,0.2052,93.674,122.6282,62.13,743.92,AutoGluon
2026-04-10 02:02:08,Exp9_Weather_Grid_Gridlags_24h_Delta,DK1,TARGET_Delta_24h,"['Weather', 'Grid', 'GridExchange', 'GridLags', 'GridExchangeLags', 'Time']",SUCCESS,2153.293,70.7197,-2636.8314,306.9608,136.1497,52.6317,886.1,LSTM
2026-04-10 02:02:08,Exp9_Weather_Grid_Gridlags_24h_Delta,DK1,TARGET_Delta_24h,"['Weather', 'Grid', 'GridExchange', 'GridLags', 'GridExchangeLags', 'Time']",SUCCESS,1125.8616,40.4149,-720.1253,175.4219,134.9937,52.0028,961.04,GRU
2026-04-10 02:02:08,Exp9_Weather_Grid_Gridlags_24h_Delta,DK1,TARGET_Delta_24h,"['Weather', 'Grid', 'GridExchange', 'GridLags', 'GridExchangeLags', 'Time']",SUCCESS,40.1854,23.2068,0.0813,100.7298,133.6871,52.975,2292.26,Transformer
2026-04-10 02:02:08,Exp9_Weather_Grid_Gridlags_24h_Delta,DK1,TARGET_Delta_24h,"['Weather', 'Grid', 'GridExchange', 'GridLags', 'GridExchangeLags', 'Time']",SUCCESS,38.1192,22.1387,0.1733,96.0935,125.6551,54.9457,746.52,AutoGluon
2026-04-10 03:24:43,Exp10_Weather_WeatherLags_Grid_Gridlags_24h_Delta,DK1,TARGET_Delta_24h,"['Weather', 'WeatherLags', 'Grid', 'GridExchange', 'GridLags', 'GridExchangeLags', 'Time']",SUCCESS,1246.9468,58.6714,-883.579,254.6648,133.5737,52.9567,923.21,LSTM
2026-04-10 03:24:43,Exp10_Weather_WeatherLags_Grid_Gridlags_24h_Delta,DK1,TARGET_Delta_24h,"['Weather', 'WeatherLags', 'Grid', 'GridExchange', 'GridLags', 'GridExchangeLags', 'Time']",SUCCESS,888.4464,46.2095,-448.0588,200.5734,134.0978,52.9567,966.82,GRU
2026-04-10 03:24:43,Exp10_Weather_WeatherLags_Grid_Gridlags_24h_Delta,DK1,TARGET_Delta_24h,"['Weather', 'WeatherLags', 'Grid', 'GridExchange', 'GridLags', 'GridExchangeLags', 'Time']",SUCCESS,39.7867,23.0609,0.0994,100.0964,132.7661,53.3222,2314.15,Transformer
2026-04-10 03:24:43,Exp10_Weather_WeatherLags_Grid_Gridlags_24h_Delta,DK1,TARGET_Delta_24h,"['Weather', 'WeatherLags', 'Grid', 'GridExchange', 'GridLags', 'GridExchangeLags', 'Time']",SUCCESS,38.034,21.9603,0.177,95.319,125.346,54.8461,738.75,AutoGluon
2026-04-10 04:45:35,Exp11_Weather_Grid_Gridlags_Prices_24h_Delta,DK1,TARGET_Delta_24h,"['Weather', 'Grid', 'GridExchange', 'GridLags', 'GridExchangeLags', 'Prices', 'Time']",SUCCESS,1070.7534,48.2205,-651.2584,209.3022,129.6231,58.9617,880.6,LSTM
2026-04-10 04:45:35,Exp11_Weather_Grid_Gridlags_Prices_24h_Delta,DK1,TARGET_Delta_24h,"['Weather', 'Grid', 'GridExchange', 'GridLags', 'GridExchangeLags', 'Prices', 'Time']",SUCCESS,700.3574,41.4309,-278.0489,179.8318,130.1163,58.4533,909.65,GRU
2026-04-10 04:45:35,Exp11_Weather_Grid_Gridlags_Prices_24h_Delta,DK1,TARGET_Delta_24h,"['Weather', 'Grid', 'GridExchange', 'GridLags', 'GridExchangeLags', 'Prices', 'Time']",SUCCESS,39.0705,22.6859,0.1316,98.4689,128.5725,59.5474,2310.15,Transformer
2026-04-10 04:45:35,Exp11_Weather_Grid_Gridlags_Prices_24h_Delta,DK1,TARGET_Delta_24h,"['Weather', 'Grid', 'GridExchange', 'GridLags', 'GridExchangeLags', 'Prices', 'Time']",SUCCESS,37.641,21.6317,0.194,93.8929,122.3845,62.0815,740.79,AutoGluon
2026-04-10 06:09:12,Exp12_Weather_WeatherLags_Grid_Gridlags_Prices_24h_Delta,DK1,TARGET_Delta_24h,"['Weather', 'WeatherLags', 'Grid', 'GridExchange', 'GridLags', 'GridExchangeLags', 'Prices', 'Time']",SUCCESS,1281.3224,58.4903,-933.0231,253.8789,130.3077,58.7036,905.15,LSTM
2026-04-10 06:09:12,Exp12_Weather_WeatherLags_Grid_Gridlags_Prices_24h_Delta,DK1,TARGET_Delta_24h,"['Weather', 'WeatherLags', 'Grid', 'GridExchange', 'GridLags', 'GridExchangeLags', 'Prices', 'Time']",SUCCESS,1068.6088,47.5969,-648.6483,206.5954,128.6477,58.8975,991.38,GRU
2026-04-10 06:09:12,Exp12_Weather_WeatherLags_Grid_Gridlags_Prices_24h_Delta,DK1,TARGET_Delta_24h,"['Weather', 'WeatherLags', 'Grid', 'GridExchange', 'GridLags', 'GridExchangeLags', 'Prices', 'Time']",SUCCESS,40.4985,23.4497,0.0669,101.7841,128.761,59.6116,2373.08,Transformer
2026-04-10 06:09:12,Exp12_Weather_WeatherLags_Grid_Gridlags_Prices_24h_Delta,DK1,TARGET_Delta_24h,"['Weather', 'WeatherLags', 'Grid', 'GridExchange', 'GridLags', 'GridExchangeLags', 'Prices', 'Time']",SUCCESS,37.4561,21.5307,0.2018,93.4544,122.2437,61.9715,735.38,AutoGluon
2026-04-10 07:34:02,Exp13_Total_Information_24h_Delta,DK1,TARGET_Delta_24h,['All_Features'],SUCCESS,790.9244,37.952,-354.8859,164.7315,129.9521,59.0154,995.82,LSTM
2026-04-10 07:34:02,Exp13_Total_Information_24h_Delta,DK1,TARGET_Delta_24h,['All_Features'],SUCCESS,646.9059,34.7691,-237.08,150.9162,130.6777,59.022,868.48,GRU
2026-04-10 07:34:02,Exp13_Total_Information_24h_Delta,DK1,TARGET_Delta_24h,['All_Features'],SUCCESS,40.3293,23.2298,0.0747,100.8296,128.5821,59.4243,2478.37,Transformer
2026-04-10 07:34:02,Exp13_Total_Information_24h_Delta,DK1,TARGET_Delta_24h,['All_Features'],SUCCESS,37.21,21.5255,0.2123,93.4318,122.3633,62.2545,734.58,AutoGluon
2026-04-10 10:34:41,Exp7_Weather_Grid_Prices_0h_Price_Fullweek,DK1,TARGET_Price_0h,"['Weather', 'Grid', 'GridExchange', 'Prices', 'Time']",SUCCESS,1007.8957,50.9668,-144.2826,67.0397,31.3977,71.34,1314.17,LSTM
2026-04-10 10:34:41,Exp7_Weather_Grid_Prices_0h_Price_Fullweek,DK1,TARGET_Price_0h,"['Weather', 'Grid', 'GridExchange', 'Prices', 'Time']",SUCCESS,7729.7595,151.2001,-8544.0464,198.8824,30.9501,71.2929,1054.26,GRU
2026-04-10 10:34:41,Exp7_Weather_Grid_Prices_0h_Price_Fullweek,DK1,TARGET_Price_0h,"['Weather', 'Grid', 'GridExchange', 'Prices', 'Time']",SUCCESS,33.7687,17.8246,0.8369,23.4457,32.4429,72.5101,2233.04,Transformer
2026-04-10 10:34:41,Exp7_Weather_Grid_Prices_0h_Price_Fullweek,DK1,TARGET_Price_0h,"['Weather', 'Grid', 'GridExchange', 'Prices', 'Time']",SUCCESS,35.7684,17.3665,0.817,22.8432,29.5389,73.8519,767.84,AutoGluon
2026-04-10 12:02:47,Exp6_Weather_WeatherLags_Grid_0h_Price_Fullweek,DK1,TARGET_Price_0h,"['Weather', 'WeatherLags', 'Grid', 'GridExchange', 'Time']",SUCCESS,1638.2559,62.922,-382.8362,82.765,39.2946,68.2884,1049.25,LSTM
2026-04-10 12:02:47,Exp6_Weather_WeatherLags_Grid_0h_Price_Fullweek,DK1,TARGET_Price_0h,"['Weather', 'WeatherLags', 'Grid', 'GridExchange', 'Time']",SUCCESS,565.4826,46.9375,-44.7321,61.7396,39.5528,67.776,1060.68,GRU
2026-04-10 12:02:47,Exp6_Weather_WeatherLags_Grid_0h_Price_Fullweek,DK1,TARGET_Price_0h,"['Weather', 'WeatherLags', 'Grid', 'GridExchange', 'Time']",SUCCESS,53.0635,25.5643,0.5973,33.6263,38.0794,69.6996,2415.87,Transformer
2026-04-10 12:02:47,Exp6_Weather_WeatherLags_Grid_0h_Price_Fullweek,DK1,TARGET_Price_0h,"['Weather', 'WeatherLags', 'Grid', 'GridExchange', 'Time']",SUCCESS,53.0794,25.1711,0.5971,33.109,36.4489,71.893,750.95,AutoGluon
2026-04-10 13:22:49,Exp3_Weather_Prices_0h_Price_Fullweek,DK1,TARGET_Price_0h,"['Weather', 'Prices', 'Time']",SUCCESS,33.9466,19.2094,0.8352,25.2672,33.8898,73.2308,922.86,LSTM
2026-04-10 13:22:49,Exp3_Weather_Prices_0h_Price_Fullweek,DK1,TARGET_Price_0h,"['Weather', 'Prices', 'Time']",SUCCESS,32.8119,18.5279,0.846,24.3708,33.2302,73.7444,915.35,GRU
2026-04-10 13:22:49,Exp3_Weather_Prices_0h_Price_Fullweek,DK1,TARGET_Price_0h,"['Weather', 'Prices', 'Time']",SUCCESS,35.1484,19.3907,0.8233,25.5057,34.1051,74.2712,2174.7,Transformer
2026-04-10 13:22:49,Exp3_Weather_Prices_0h_Price_Fullweek,DK1,TARGET_Price_0h,"['Weather', 'Prices', 'Time']",SUCCESS,39.6516,20.7907,0.7751,27.3472,34.5588,72.9713,784.96,AutoGluon
2026-04-10 14:41:34,Exp7_Weather_Grid_Prices_24h_Price_Fullweek,DK1,TARGET_Price_24h,"['Weather', 'Grid', 'GridExchange', 'Prices', 'Time']",SUCCESS,3603.6337,130.7961,-1856.1203,172.0304,39.7314,66.7789,929.44,LSTM
2026-04-10 14:41:34,Exp7_Weather_Grid_Prices_24h_Price_Fullweek,DK1,TARGET_Price_24h,"['Weather', 'Grid', 'GridExchange', 'Prices', 'Time']",SUCCESS,3229.0175,99.5344,-1490.0752,130.9132,39.9396,66.7383,900.74,GRU
2026-04-10 14:41:34,Exp7_Weather_Grid_Prices_24h_Price_Fullweek,DK1,TARGET_Price_24h,"['Weather', 'Grid', 'GridExchange', 'Prices', 'Time']",SUCCESS,42.176,24.3596,0.7456,32.0391,39.9245,68.3015,2121.0,Transformer
2026-04-10 14:41:34,Exp7_Weather_Grid_Prices_24h_Price_Fullweek,DK1,TARGET_Price_24h,"['Weather', 'Grid', 'GridExchange', 'Prices', 'Time']",SUCCESS,44.5784,24.6863,0.7158,32.4689,39.0057,71.0518,764.99,AutoGluon
2026-04-10 16:05:45,Exp6_Weather_WeatherLags_Grid_24h_Price_Fullweek,DK1,TARGET_Price_24h,"['Weather', 'WeatherLags', 'Grid', 'GridExchange', 'Time']",SUCCESS,4721.548,186.1534,-3187.0679,244.8395,48.8271,63.4416,1034.11,LSTM
2026-04-10 16:05:45,Exp6_Weather_WeatherLags_Grid_24h_Price_Fullweek,DK1,TARGET_Price_24h,"['Weather', 'WeatherLags', 'Grid', 'GridExchange', 'Time']",SUCCESS,5648.1895,129.108,-4561.2309,169.8101,48.784,64.1452,1046.12,GRU
2026-04-10 16:05:45,Exp6_Weather_WeatherLags_Grid_24h_Price_Fullweek,DK1,TARGET_Price_24h,"['Weather', 'WeatherLags', 'Grid', 'GridExchange', 'Time']",SUCCESS,63.8391,34.4486,0.4172,45.3088,50.0413,65.1175,2207.76,Transformer
2026-04-10 16:05:45,Exp6_Weather_WeatherLags_Grid_24h_Price_Fullweek,DK1,TARGET_Price_24h,"['Weather', 'WeatherLags', 'Grid', 'GridExchange', 'Time']",SUCCESS,61.3222,33.1139,0.4622,43.5533,46.9346,69.7939,754.51,AutoGluon
2026-04-10 17:23:12,Exp3_Weather_Prices_24h_Price_Fullweek,DK1,TARGET_Price_24h,"['Weather', 'Prices', 'Time']",SUCCESS,39.1388,22.7362,0.7809,29.9039,38.0812,70.5905,950.95,LSTM
2026-04-10 17:23:12,Exp3_Weather_Prices_24h_Price_Fullweek,DK1,TARGET_Price_24h,"['Weather', 'Prices', 'Time']",SUCCESS,39.7137,22.6831,0.7745,29.8341,37.5439,71.6755,868.27,GRU
2026-04-10 17:23:12,Exp3_Weather_Prices_24h_Price_Fullweek,DK1,TARGET_Price_24h,"['Weather', 'Prices', 'Time']",SUCCESS,41.8674,23.2272,0.7493,30.5497,38.2018,72.7473,2045.01,Transformer
2026-04-10 17:23:12,Exp3_Weather_Prices_24h_Price_Fullweek,DK1,TARGET_Price_24h,"['Weather', 'Prices', 'Time']",SUCCESS,44.5446,24.5414,0.7162,32.2782,39.0655,70.8919,777.73,AutoGluon
2026-04-10 18:42:47,Exp7_Weather_Grid_Prices_48h_Price_Fullweek,DK1,TARGET_Price_48h,"['Weather', 'Grid', 'GridExchange', 'Prices', 'Time']",SUCCESS,2010.9337,73.4685,-577.3155,96.6013,43.2442,65.2944,963.96,LSTM
2026-04-10 18:42:47,Exp7_Weather_Grid_Prices_48h_Price_Fullweek,DK1,TARGET_Price_48h,"['Weather', 'Grid', 'GridExchange', 'Prices', 'Time']",SUCCESS,9232.2558,297.2515,-12188.4732,390.8462,42.8491,65.6337,910.19,GRU
2026-04-10 18:42:47,Exp7_Weather_Grid_Prices_48h_Price_Fullweek,DK1,TARGET_Price_48h,"['Weather', 'Grid', 'GridExchange', 'Prices', 'Time']",SUCCESS,49.8897,28.461,0.644,37.4224,43.6535,66.9348,2136.12,Transformer
2026-04-10 18:42:47,Exp7_Weather_Grid_Prices_48h_Price_Fullweek,DK1,TARGET_Price_48h,"['Weather', 'Grid', 'GridExchange', 'Prices', 'Time']",SUCCESS,50.2461,27.8524,0.6389,36.6222,42.2852,70.9024,756.76,AutoGluon
2026-04-10 20:33:08,Exp6_Weather_WeatherLags_Grid_48h_Price_Fullweek,DK1,TARGET_Price_48h,"['Weather', 'WeatherLags', 'Grid', 'GridExchange', 'Time']",SUCCESS,551.0064,53.8358,-42.4193,70.787,50.6924,62.4969,1176.04,LSTM
2026-04-10 20:33:08,Exp6_Weather_WeatherLags_Grid_48h_Price_Fullweek,DK1,TARGET_Price_48h,"['Weather', 'WeatherLags', 'Grid', 'GridExchange', 'Time']",SUCCESS,4013.6448,148.8151,-2302.8126,195.6721,49.9343,62.8284,1688.54,GRU
2026-04-10 20:33:08,Exp6_Weather_WeatherLags_Grid_48h_Price_Fullweek,DK1,TARGET_Price_48h,"['Weather', 'WeatherLags', 'Grid', 'GridExchange', 'Time']",SUCCESS,65.5501,36.1496,0.3855,47.5319,50.7541,64.33,2994.53,Transformer
2026-04-10 20:33:08,Exp6_Weather_WeatherLags_Grid_48h_Price_Fullweek,DK1,TARGET_Price_48h,"['Weather', 'WeatherLags', 'Grid', 'GridExchange', 'Time']",SUCCESS,62.7894,34.3465,0.4362,45.1611,48.3147,69.9682,750.54,AutoGluon
2026-04-10 21:51:06,Exp3_Weather_Prices_48h_Price_Fullweek,DK1,TARGET_Price_48h,"['Weather', 'Prices', 'Time']",SUCCESS,47.8623,27.2296,0.6724,35.8033,41.7268,69.6458,902.39,LSTM
2026-04-10 21:51:07,Exp3_Weather_Prices_48h_Price_Fullweek,DK1,TARGET_Price_48h,"['Weather', 'Prices', 'Time']",SUCCESS,47.3359,26.7231,0.6796,35.1373,40.9943,70.2708,935.12,GRU
2026-04-10 21:51:07,Exp3_Weather_Prices_48h_Price_Fullweek,DK1,TARGET_Price_48h,"['Weather', 'Prices', 'Time']",SUCCESS,47.9114,27.0701,0.6717,35.5936,41.9673,71.2391,2057.64,Transformer
2026-04-10 21:51:07,Exp3_Weather_Prices_48h_Price_Fullweek,DK1,TARGET_Price_48h,"['Weather', 'Prices', 'Time']",SUCCESS,50.5475,27.8788,0.6346,36.657,42.3367,70.7006,777.92,AutoGluon
2026-04-10 23:12:11,Exp7_Weather_Grid_Prices_72h_Price_Fullweek,DK1,TARGET_Price_72h,"['Weather', 'Grid', 'GridExchange', 'Prices', 'Time']",SUCCESS,3084.7814,89.8727,-1359.9345,118.1473,43.5131,65.1424,953.41,LSTM
2026-04-10 23:12:12,Exp7_Weather_Grid_Prices_72h_Price_Fullweek,DK1,TARGET_Price_72h,"['Weather', 'Grid', 'GridExchange', 'Prices', 'Time']",SUCCESS,4219.8127,147.4685,-2545.6825,193.8631,43.6407,65.3206,929.47,GRU
2026-04-10 23:12:12,Exp7_Weather_Grid_Prices_72h_Price_Fullweek,DK1,TARGET_Price_72h,"['Weather', 'Grid', 'GridExchange', 'Prices', 'Time']",SUCCESS,49.913,28.7437,0.6437,37.7867,44.1707,66.9322,2213.77,Transformer
2026-04-10 23:12:12,Exp7_Weather_Grid_Prices_72h_Price_Fullweek,DK1,TARGET_Price_72h,"['Weather', 'Grid', 'GridExchange', 'Prices', 'Time']",SUCCESS,51.0521,28.4536,0.6273,37.4052,42.7445,70.3416,760.3,AutoGluon
2026-04-11 00:37:22,Exp6_Weather_WeatherLags_Grid_72h_Price_Fullweek,DK1,TARGET_Price_72h,"['Weather', 'WeatherLags', 'Grid', 'GridExchange', 'Time']",SUCCESS,5667.0186,185.4762,-4592.0135,243.8282,50.6985,62.7996,1026.28,LSTM
2026-04-11 00:37:22,Exp6_Weather_WeatherLags_Grid_72h_Price_Fullweek,DK1,TARGET_Price_72h,"['Weather', 'WeatherLags', 'Grid', 'GridExchange', 'Time']",SUCCESS,1381.6106,69.432,-271.9982,91.2757,50.3394,63.6814,1014.85,GRU
2026-04-11 00:37:22,Exp6_Weather_WeatherLags_Grid_72h_Price_Fullweek,DK1,TARGET_Price_72h,"['Weather', 'WeatherLags', 'Grid', 'GridExchange', 'Time']",SUCCESS,66.3879,35.9214,0.3697,47.2225,50.3404,64.1269,2310.75,Transformer
2026-04-11 00:37:22,Exp6_Weather_WeatherLags_Grid_72h_Price_Fullweek,DK1,TARGET_Price_72h,"['Weather', 'WeatherLags', 'Grid', 'GridExchange', 'Time']",SUCCESS,62.5614,34.5432,0.4402,45.4107,48.7628,70.1031,749.44,AutoGluon
2026-04-11 01:54:56,Exp3_Weather_Prices_72h_Price_Fullweek,DK1,TARGET_Price_72h,"['Weather', 'Prices', 'Time']",SUCCESS,49.6368,28.2324,0.6476,37.1145,42.6,68.5793,948.08,LSTM
2026-04-11 01:54:56,Exp3_Weather_Prices_72h_Price_Fullweek,DK1,TARGET_Price_72h,"['Weather', 'Prices', 'Time']",SUCCESS,48.6837,27.5648,0.661,36.2369,41.6759,69.427,1023.73,GRU
2026-04-11 01:54:56,Exp3_Weather_Prices_72h_Price_Fullweek,DK1,TARGET_Price_72h,"['Weather', 'Prices', 'Time']",SUCCESS,51.1021,28.6616,0.6265,37.6787,43.1567,71.0845,1901.66,Transformer
2026-04-11 01:54:56,Exp3_Weather_Prices_72h_Price_Fullweek,DK1,TARGET_Price_72h,"['Weather', 'Prices', 'Time']",SUCCESS,52.1182,28.8568,0.6115,37.9354,43.3051,70.2957,776.14,AutoGluon
2026-04-11 03:14:48,Exp7_Weather_Grid_Prices_96h_Price_Fullweek,DK1,TARGET_Price_96h,"['Weather', 'Grid', 'GridExchange', 'Prices', 'Time']",SUCCESS,3576.9774,101.1211,-1828.9681,132.9055,44.1127,64.5802,909.9,LSTM
2026-04-11 03:14:48,Exp7_Weather_Grid_Prices_96h_Price_Fullweek,DK1,TARGET_Price_96h,"['Weather', 'Grid', 'GridExchange', 'Prices', 'Time']",SUCCESS,9948.4836,355.0747,-14154.4903,466.6817,44.3533,65.1686,933.95,GRU
2026-04-11 03:14:48,Exp7_Weather_Grid_Prices_96h_Price_Fullweek,DK1,TARGET_Price_96h,"['Weather', 'Grid', 'GridExchange', 'Prices', 'Time']",SUCCESS,51.3018,29.3778,0.6236,38.6118,44.3423,66.1211,2179.86,Transformer
2026-04-11 03:14:48,Exp7_Weather_Grid_Prices_96h_Price_Fullweek,DK1,TARGET_Price_96h,"['Weather', 'Grid', 'GridExchange', 'Prices', 'Time']",SUCCESS,52.4384,29.286,0.6067,38.4912,43.5469,70.546,760.15,AutoGluon
2026-04-11 04:37:59,Exp6_Weather_WeatherLags_Grid_96h_Price_Fullweek,DK1,TARGET_Price_96h,"['Weather', 'WeatherLags', 'Grid', 'GridExchange', 'Time']",SUCCESS,6756.4062,171.601,-6527.9396,225.5386,51.1802,62.6698,999.96,LSTM
2026-04-11 04:37:59,Exp6_Weather_WeatherLags_Grid_96h_Price_Fullweek,DK1,TARGET_Price_96h,"['Weather', 'WeatherLags', 'Grid', 'GridExchange', 'Time']",SUCCESS,5266.9996,195.7505,-3966.6899,257.2788,51.1983,62.9686,944.73,GRU
2026-04-11 04:37:59,Exp6_Weather_WeatherLags_Grid_96h_Price_Fullweek,DK1,TARGET_Price_96h,"['Weather', 'WeatherLags', 'Grid', 'GridExchange', 'Time']",SUCCESS,65.7506,35.916,0.3817,47.2051,50.384,64.0247,2289.32,Transformer
2026-04-11 04:37:59,Exp6_Weather_WeatherLags_Grid_96h_Price_Fullweek,DK1,TARGET_Price_96h,"['Weather', 'WeatherLags', 'Grid', 'GridExchange', 'Time']",SUCCESS,63.7922,35.2246,0.418,46.2963,48.9917,69.8777,748.35,AutoGluon
2026-04-11 05:53:13,Exp3_Weather_Prices_96h_Price_Fullweek,DK1,TARGET_Price_96h,"['Weather', 'Prices', 'Time']",SUCCESS,50.9809,28.7558,0.6283,37.7943,42.7164,69.2278,938.32,LSTM
2026-04-11 05:53:13,Exp3_Weather_Prices_96h_Price_Fullweek,DK1,TARGET_Price_96h,"['Weather', 'Prices', 'Time']",SUCCESS,50.5194,28.4896,0.635,37.4445,42.2059,69.5698,880.99,GRU
2026-04-11 05:53:13,Exp3_Weather_Prices_96h_Price_Fullweek,DK1,TARGET_Price_96h,"['Weather', 'Prices', 'Time']",SUCCESS,51.708,28.878,0.6176,37.9549,43.2075,70.5617,1914.48,Transformer
2026-04-11 05:53:13,Exp3_Weather_Prices_96h_Price_Fullweek,DK1,TARGET_Price_96h,"['Weather', 'Prices', 'Time']",SUCCESS,53.8744,29.6311,0.5849,38.9448,43.9898,70.4608,774.77,AutoGluon
2026-04-11 07:13:39,Exp7_Weather_Grid_Prices_120h_Price_Fullweek,DK1,TARGET_Price_120h,"['Weather', 'Grid', 'GridExchange', 'Prices', 'Time']",SUCCESS,2719.6422,116.8074,-1056.9233,153.4972,44.3374,64.5724,893.51,LSTM
2026-04-11 07:13:39,Exp7_Weather_Grid_Prices_120h_Price_Fullweek,DK1,TARGET_Price_120h,"['Weather', 'Grid', 'GridExchange', 'Prices', 'Time']",SUCCESS,5955.3862,225.011,-5071.8321,295.6882,44.4826,65.335,936.43,GRU
2026-04-11 07:13:39,Exp7_Weather_Grid_Prices_120h_Price_Fullweek,DK1,TARGET_Price_120h,"['Weather', 'Grid', 'GridExchange', 'Prices', 'Time']",SUCCESS,52.7008,30.1047,0.6027,39.5607,45.6148,66.2024,2235.81,Transformer
2026-04-11 07:13:39,Exp7_Weather_Grid_Prices_120h_Price_Fullweek,DK1,TARGET_Price_120h,"['Weather', 'Grid', 'GridExchange', 'Prices', 'Time']",SUCCESS,52.9929,29.4808,0.5983,38.7409,43.6063,70.6312,752.41,AutoGluon
2026-04-11 08:39:16,Exp6_Weather_WeatherLags_Grid_120h_Price_Fullweek,DK1,TARGET_Price_120h,"['Weather', 'WeatherLags', 'Grid', 'GridExchange', 'Time']",SUCCESS,4650.833,137.6386,-3092.7992,180.8717,51.8891,62.2034,1081.11,LSTM
2026-04-11 08:39:16,Exp6_Weather_WeatherLags_Grid_120h_Price_Fullweek,DK1,TARGET_Price_120h,"['Weather', 'WeatherLags', 'Grid', 'GridExchange', 'Time']",SUCCESS,2929.4101,111.7466,-1226.4137,146.8468,50.5498,63.5792,1074.42,GRU
2026-04-11 08:39:16,Exp6_Weather_WeatherLags_Grid_120h_Price_Fullweek,DK1,TARGET_Price_120h,"['Weather', 'WeatherLags', 'Grid', 'GridExchange', 'Time']",SUCCESS,68.4156,37.0416,0.3305,48.6766,50.8879,64.5174,2224.69,Transformer
2026-04-11 08:39:16,Exp6_Weather_WeatherLags_Grid_120h_Price_Fullweek,DK1,TARGET_Price_120h,"['Weather', 'WeatherLags', 'Grid', 'GridExchange', 'Time']",SUCCESS,63.9963,35.4,0.4142,46.5193,49.283,69.8581,747.58,AutoGluon
2026-04-11 09:50:59,Exp3_Weather_Prices_120h_Price_Fullweek,DK1,TARGET_Price_120h,"['Weather', 'Prices', 'Time']",SUCCESS,50.5506,28.6277,0.6345,37.6198,42.5926,69.4768,785.09,LSTM
2026-04-11 09:50:59,Exp3_Weather_Prices_120h_Price_Fullweek,DK1,TARGET_Price_120h,"['Weather', 'Prices', 'Time']",SUCCESS,51.0965,28.7835,0.6266,37.8246,42.3356,69.4965,833.08,GRU
2026-04-11 09:50:59,Exp3_Weather_Prices_120h_Price_Fullweek,DK1,TARGET_Price_120h,"['Weather', 'Prices', 'Time']",SUCCESS,52.2016,29.3977,0.6102,38.6317,43.718,70.3612,1907.0,Transformer
2026-04-11 09:50:59,Exp3_Weather_Prices_120h_Price_Fullweek,DK1,TARGET_Price_120h,"['Weather', 'Prices', 'Time']",SUCCESS,53.7465,29.8494,0.5868,39.2253,44.2848,70.2564,773.46,AutoGluon
2026-04-11 11:14:22,Exp7_Weather_Grid_Prices_144h_Price_Fullweek,DK1,TARGET_Price_144h,"['Weather', 'Grid', 'GridExchange', 'Prices', 'Time']",SUCCESS,1621.7456,76.5901,-375.2038,100.6232,44.1501,65.09,934.08,LSTM
2026-04-11 11:14:22,Exp7_Weather_Grid_Prices_144h_Price_Fullweek,DK1,TARGET_Price_144h,"['Weather', 'Grid', 'GridExchange', 'Prices', 'Time']",SUCCESS,5570.4906,107.5264,-4437.5863,141.267,44.4671,64.9314,955.48,GRU
2026-04-11 11:14:22,Exp7_Weather_Grid_Prices_144h_Price_Fullweek,DK1,TARGET_Price_144h,"['Weather', 'Grid', 'GridExchange', 'Prices', 'Time']",SUCCESS,52.6111,29.6755,0.6041,38.9873,44.5717,66.4173,2353.2,Transformer
2026-04-11 11:14:22,Exp7_Weather_Grid_Prices_144h_Price_Fullweek,DK1,TARGET_Price_144h,"['Weather', 'Grid', 'GridExchange', 'Prices', 'Time']",SUCCESS,54.1598,30.0461,0.5804,39.4742,43.8875,70.5879,751.96,AutoGluon
2026-04-11 12:39:38,Exp6_Weather_WeatherLags_Grid_144h_Price_Fullweek,DK1,TARGET_Price_144h,"['Weather', 'WeatherLags', 'Grid', 'GridExchange', 'Time']",SUCCESS,1449.5,62.6063,-299.5344,82.2514,51.091,62.6266,1096.52,LSTM
2026-04-11 12:39:38,Exp6_Weather_WeatherLags_Grid_144h_Price_Fullweek,DK1,TARGET_Price_144h,"['Weather', 'WeatherLags', 'Grid', 'GridExchange', 'Time']",SUCCESS,5932.1207,226.5153,-5032.5888,297.5933,51.4253,63.0315,1007.74,GRU
2026-04-11 12:39:38,Exp6_Weather_WeatherLags_Grid_144h_Price_Fullweek,DK1,TARGET_Price_144h,"['Weather', 'WeatherLags', 'Grid', 'GridExchange', 'Time']",SUCCESS,68.7718,37.3908,0.3235,49.1237,51.019,63.1586,2256.64,Transformer
2026-04-11 12:39:38,Exp6_Weather_WeatherLags_Grid_144h_Price_Fullweek,DK1,TARGET_Price_144h,"['Weather', 'WeatherLags', 'Grid', 'GridExchange', 'Time']",SUCCESS,64.2784,35.7226,0.409,46.9319,49.1842,69.8306,745.74,AutoGluon
2026-04-11 13:55:56,Exp3_Weather_Prices_144h_Price_Fullweek,DK1,TARGET_Price_144h,"['Weather', 'Prices', 'Time']",SUCCESS,51.6037,29.1546,0.6191,38.303,42.9474,68.6238,952.86,LSTM
2026-04-11 13:55:56,Exp3_Weather_Prices_144h_Price_Fullweek,DK1,TARGET_Price_144h,"['Weather', 'Prices', 'Time']",SUCCESS,53.5396,29.5989,0.59,38.8868,42.7753,69.406,830.29,GRU
2026-04-11 13:55:56,Exp3_Weather_Prices_144h_Price_Fullweek,DK1,TARGET_Price_144h,"['Weather', 'Prices', 'Time']",SUCCESS,52.4574,29.1338,0.6064,38.2757,43.8241,70.5368,2017.09,Transformer
2026-04-11 13:55:56,Exp3_Weather_Prices_144h_Price_Fullweek,DK1,TARGET_Price_144h,"['Weather', 'Prices', 'Time']",SUCCESS,54.5031,30.1824,0.5751,39.6533,44.3883,70.1215,772.6,AutoGluon
2026-04-11 15:14:18,Exp7_Weather_Grid_Prices_168h_Price_Fullweek,DK1,TARGET_Price_168h,"['Weather', 'Grid', 'GridExchange', 'Prices', 'Time']",SUCCESS,3997.9876,108.2419,-2285.3871,142.1762,44.5514,65.3769,952.22,LSTM
2026-04-11 15:14:18,Exp7_Weather_Grid_Prices_168h_Price_Fullweek,DK1,TARGET_Price_168h,"['Weather', 'Grid', 'GridExchange', 'Prices', 'Time']",SUCCESS,2991.4001,126.3434,-1279.0174,165.9526,44.4608,65.9587,886.61,GRU
2026-04-11 15:14:18,Exp7_Weather_Grid_Prices_168h_Price_Fullweek,DK1,TARGET_Price_168h,"['Weather', 'Grid', 'GridExchange', 'Prices', 'Time']",SUCCESS,53.3555,29.6547,0.5928,38.9516,44.5781,66.9859,2098.26,Transformer
2026-04-11 15:14:18,Exp7_Weather_Grid_Prices_168h_Price_Fullweek,DK1,TARGET_Price_168h,"['Weather', 'Grid', 'GridExchange', 'Prices', 'Time']",SUCCESS,54.6534,30.3758,0.5727,39.8987,44.3033,70.4517,757.16,AutoGluon
2026-04-11 16:41:16,Exp6_Weather_WeatherLags_Grid_168h_Price_Fullweek,DK1,TARGET_Price_168h,"['Weather', 'WeatherLags', 'Grid', 'GridExchange', 'Time']",SUCCESS,3570.6481,133.7949,-1822.7318,175.7403,51.0403,62.9529,1093.64,LSTM
2026-04-11 16:41:16,Exp6_Weather_WeatherLags_Grid_168h_Price_Fullweek,DK1,TARGET_Price_168h,"['Weather', 'WeatherLags', 'Grid', 'GridExchange', 'Time']",SUCCESS,596.6427,58.6802,-49.9208,77.0767,51.0505,62.9463,987.44,GRU
2026-04-11 16:41:16,Exp6_Weather_WeatherLags_Grid_168h_Price_Fullweek,DK1,TARGET_Price_168h,"['Weather', 'WeatherLags', 'Grid', 'GridExchange', 'Time']",SUCCESS,65.4824,36.3037,0.3866,47.6851,50.3347,64.5108,2383.45,Transformer
2026-04-11 16:41:16,Exp6_Weather_WeatherLags_Grid_168h_Price_Fullweek,DK1,TARGET_Price_168h,"['Weather', 'WeatherLags', 'Grid', 'GridExchange', 'Time']",SUCCESS,63.9962,35.8318,0.4142,47.0652,49.4377,69.4886,744.43,AutoGluon
2026-04-11 17:58:36,Exp3_Weather_Prices_168h_Price_Fullweek,DK1,TARGET_Price_168h,"['Weather', 'Prices', 'Time']",SUCCESS,52.7726,29.4844,0.6016,38.7279,43.5083,68.7863,906.39,LSTM
2026-04-11 17:58:36,Exp3_Weather_Prices_168h_Price_Fullweek,DK1,TARGET_Price_168h,"['Weather', 'Prices', 'Time']",SUCCESS,53.7226,29.4432,0.5872,38.6737,42.5682,69.4978,844.81,GRU
2026-04-11 17:58:36,Exp3_Weather_Prices_168h_Price_Fullweek,DK1,TARGET_Price_168h,"['Weather', 'Prices', 'Time']",SUCCESS,53.5137,29.5549,0.5904,38.8205,43.5781,70.3848,2114.45,Transformer
2026-04-11 17:58:36,Exp3_Weather_Prices_168h_Price_Fullweek,DK1,TARGET_Price_168h,"['Weather', 'Prices', 'Time']",SUCCESS,55.3258,30.4567,0.5622,40.0051,44.5081,70.2787,769.75,AutoGluon
2026-04-11 19:28:59,Exp13_Total_Information_24h_Delta_Fullweek,DK1,TARGET_Delta_24h,['All_Features'],SUCCESS,937.9415,50.9498,-499.4864,221.149,129.7187,59.2238,926.82,LSTM
2026-04-11 19:28:59,Exp13_Total_Information_24h_Delta_Fullweek,DK1,TARGET_Delta_24h,['All_Features'],SUCCESS,1498.06,51.3325,-1275.7304,222.81,130.3189,59.6038,812.76,GRU
2026-04-11 19:29:00,Exp13_Total_Information_24h_Delta_Fullweek,DK1,TARGET_Delta_24h,['All_Features'],SUCCESS,39.8228,22.783,0.0978,98.8901,128.2837,59.7741,2910.33,Transformer
2026-04-11 19:29:00,Exp13_Total_Information_24h_Delta_Fullweek,DK1,TARGET_Delta_24h,['All_Features'],SUCCESS,37.1398,21.4436,0.2153,93.0766,122.3861,62.3252,758.93,AutoGluon
2026-04-11 21:04:58,Exp1_Weather_Only_24h_Delta_Fullweek,DK1,TARGET_Delta_24h,"['Weather', 'Time']",SUCCESS,40.1488,22.0409,0.083,95.6689,141.1175,53.2004,1394.97,LSTM
2026-04-11 21:04:58,Exp1_Weather_Only_24h_Delta_Fullweek,DK1,TARGET_Delta_24h,"['Weather', 'Time']",SUCCESS,39.9087,21.8757,0.0939,94.952,142.9663,51.894,1344.59,GRU
2026-04-11 21:04:58,Exp1_Weather_Only_24h_Delta_Fullweek,DK1,TARGET_Delta_24h,"['Weather', 'Time']",SUCCESS,39.6545,21.7781,0.1054,94.5282,139.0886,53.9459,2233.59,Transformer
2026-04-11 21:04:58,Exp1_Weather_Only_24h_Delta_Fullweek,DK1,TARGET_Delta_24h,"['Weather', 'Time']",SUCCESS,39.6159,22.0882,0.1071,95.8745,136.6161,53.9525,778.57,AutoGluon
2026-04-11 22:24:30,Exp9_Weather_Grid_Gridlags_24h_Delta_Fullweek,DK1,TARGET_Delta_24h,"['Weather', 'Grid', 'GridExchange', 'GridLags', 'GridExchangeLags', 'Time']",SUCCESS,4382.1706,85.9549,-10923.9471,373.0894,134.8328,52.3526,927.17,LSTM
2026-04-11 22:24:30,Exp9_Weather_Grid_Gridlags_24h_Delta_Fullweek,DK1,TARGET_Delta_24h,"['Weather', 'Grid', 'GridExchange', 'GridLags', 'GridExchangeLags', 'Time']",SUCCESS,2088.3876,56.6792,-2480.207,246.0173,134.3766,52.1954,985.8,GRU
2026-04-11 22:24:30,Exp9_Weather_Grid_Gridlags_24h_Delta_Fullweek,DK1,TARGET_Delta_24h,"['Weather', 'Grid', 'GridExchange', 'GridLags', 'GridExchangeLags', 'Time']",SUCCESS,40.2201,23.2002,0.0797,100.7012,133.392,52.806,2101.86,Transformer
2026-04-11 22:24:30,Exp9_Weather_Grid_Gridlags_24h_Delta_Fullweek,DK1,TARGET_Delta_24h,"['Weather', 'Grid', 'GridExchange', 'GridLags', 'GridExchangeLags', 'Time']",SUCCESS,38.1097,22.1295,0.1737,96.0535,125.6288,54.9365,746.53,AutoGluon
2026-04-11 23:46:34,Exp13_Total_Information_48h_Delta_Fullweek,DK1,TARGET_Delta_48h,['All_Features'],SUCCESS,771.7952,51.1259,-209.0418,171.7813,119.323,61.1198,954.09,LSTM
2026-04-11 23:46:34,Exp13_Total_Information_48h_Delta_Fullweek,DK1,TARGET_Delta_48h,['All_Features'],SUCCESS,856.3056,49.0433,-257.5587,164.7838,119.7586,61.1879,915.94,GRU
2026-04-11 23:46:34,Exp13_Total_Information_48h_Delta_Fullweek,DK1,TARGET_Delta_48h,['All_Features'],SUCCESS,48.2776,27.5713,0.1781,92.6386,120.269,61.4015,2308.27,Transformer
2026-04-11 23:46:34,Exp13_Total_Information_48h_Delta_Fullweek,DK1,TARGET_Delta_48h,['All_Features'],SUCCESS,44.0261,25.1696,0.3165,84.569,114.5767,64.6025,734.04,AutoGluon
2026-04-12 01:02:58,Exp1_Weather_Only_48h_Delta_Fullweek,DK1,TARGET_Delta_48h,"['Weather', 'Time']",SUCCESS,49.9628,27.4949,0.1198,92.3818,134.9533,54.8055,886.79,LSTM
2026-04-12 01:02:58,Exp1_Weather_Only_48h_Delta_Fullweek,DK1,TARGET_Delta_48h,"['Weather', 'Time']",SUCCESS,49.9885,27.4583,0.1189,92.259,133.5614,54.6483,960.36,GRU
2026-04-12 01:02:58,Exp1_Weather_Only_48h_Delta_Fullweek,DK1,TARGET_Delta_48h,"['Weather', 'Time']",SUCCESS,49.59,27.1106,0.1329,91.0907,131.7503,55.3191,1953.24,Transformer
2026-04-12 01:02:58,Exp1_Weather_Only_48h_Delta_Fullweek,DK1,TARGET_Delta_48h,"['Weather', 'Time']",SUCCESS,49.6022,27.4443,0.1324,92.212,130.6273,55.9179,778.57,AutoGluon
2026-04-12 02:24:34,Exp9_Weather_Grid_Gridlags_48h_Delta_Fullweek,DK1,TARGET_Delta_48h,"['Weather', 'Grid', 'GridExchange', 'GridLags', 'GridExchangeLags', 'Time']",SUCCESS,2676.188,91.7037,-2524.4275,308.121,124.6255,54.1359,920.67,LSTM
2026-04-12 02:24:34,Exp9_Weather_Grid_Gridlags_48h_Delta_Fullweek,DK1,TARGET_Delta_48h,"['Weather', 'Grid', 'GridExchange', 'GridLags', 'GridExchangeLags', 'Time']",SUCCESS,3011.8193,101.7625,-3197.5969,341.9183,123.9171,53.8162,979.24,GRU
2026-04-12 02:24:34,Exp9_Weather_Grid_Gridlags_48h_Delta_Fullweek,DK1,TARGET_Delta_48h,"['Weather', 'Grid', 'GridExchange', 'GridLags', 'GridExchangeLags', 'Time']",SUCCESS,48.6973,28.0082,0.1638,94.1065,124.5556,53.9512,2242.77,Transformer
2026-04-12 02:24:34,Exp9_Weather_Grid_Gridlags_48h_Delta_Fullweek,DK1,TARGET_Delta_48h,"['Weather', 'Grid', 'GridExchange', 'GridLags', 'GridExchangeLags', 'Time']",SUCCESS,46.0473,26.4162,0.2523,88.7576,117.7486,56.6124,743.46,AutoGluon
2026-04-12 03:48:05,Exp13_Total_Information_72h_Delta_Fullweek,DK1,TARGET_Delta_72h,['All_Features'],SUCCESS,1209.2302,56.9971,-451.4323,179.2369,117.9744,61.3451,937.69,LSTM
2026-04-12 03:48:05,Exp13_Total_Information_72h_Delta_Fullweek,DK1,TARGET_Delta_72h,['All_Features'],SUCCESS,681.7014,40.5801,-142.7884,127.6111,117.3915,61.1342,949.65,GRU
2026-04-12 03:48:05,Exp13_Total_Information_72h_Delta_Fullweek,DK1,TARGET_Delta_72h,['All_Features'],SUCCESS,50.4542,28.6544,0.2124,90.1088,117.734,61.9937,2371.27,Transformer
2026-04-12 03:48:05,Exp13_Total_Information_72h_Delta_Fullweek,DK1,TARGET_Delta_72h,['All_Features'],SUCCESS,46.0816,26.2858,0.343,82.6603,113.6943,64.5776,739.79,AutoGluon
2026-04-12 05:10:18,Exp1_Weather_Only_72h_Delta_Fullweek,DK1,TARGET_Delta_72h,"['Weather', 'Time']",SUCCESS,53.1256,29.1987,0.1267,91.8202,133.6376,54.795,965.07,LSTM
2026-04-12 05:10:18,Exp1_Weather_Only_72h_Delta_Fullweek,DK1,TARGET_Delta_72h,"['Weather', 'Time']",SUCCESS,52.6089,28.9069,0.1436,90.9027,132.713,54.926,1028.56,GRU
2026-04-12 05:10:18,Exp1_Weather_Only_72h_Delta_Fullweek,DK1,TARGET_Delta_72h,"['Weather', 'Time']",SUCCESS,52.7065,28.7901,0.1405,90.5353,130.8242,55.0426,2157.53,Transformer
2026-04-12 05:10:18,Exp1_Weather_Only_72h_Delta_Fullweek,DK1,TARGET_Delta_72h,"['Weather', 'Time']",SUCCESS,52.416,28.9317,0.1499,90.9807,129.2181,55.9376,777.74,AutoGluon
2026-04-12 06:27:58,Exp9_Weather_Grid_Gridlags_72h_Delta_Fullweek,DK1,TARGET_Delta_72h,"['Weather', 'Grid', 'GridExchange', 'GridLags', 'GridExchangeLags', 'Time']",SUCCESS,1013.4949,52.6903,-316.8182,165.6936,122.8007,54.301,907.19,LSTM
2026-04-12 06:27:58,Exp9_Weather_Grid_Gridlags_72h_Delta_Fullweek,DK1,TARGET_Delta_72h,"['Weather', 'Grid', 'GridExchange', 'GridLags', 'GridExchangeLags', 'Time']",SUCCESS,1158.827,51.0749,-414.5017,160.6136,123.5695,53.9643,945.18,GRU
2026-04-12 06:27:58,Exp9_Weather_Grid_Gridlags_72h_Delta_Fullweek,DK1,TARGET_Delta_72h,"['Weather', 'Grid', 'GridExchange', 'GridLags', 'GridExchangeLags', 'Time']",SUCCESS,51.1407,29.6025,0.1908,93.0901,123.5062,54.4871,2056.19,Transformer
2026-04-12 06:27:58,Exp9_Weather_Grid_Gridlags_72h_Delta_Fullweek,DK1,TARGET_Delta_72h,"['Weather', 'Grid', 'GridExchange', 'GridLags', 'GridExchangeLags', 'Time']",SUCCESS,48.6933,27.7984,0.2664,87.4168,117.0868,57.0762,741.48,AutoGluon
2026-04-12 07:51:03,Exp13_Total_Information_96h_Delta_Fullweek,DK1,TARGET_Delta_96h,['All_Features'],SUCCESS,643.4583,49.1826,-118.1829,148.6852,117.3105,61.4093,911.04,LSTM
2026-04-12 07:51:03,Exp13_Total_Information_96h_Delta_Fullweek,DK1,TARGET_Delta_96h,['All_Features'],SUCCESS,1017.1844,57.8651,-296.8327,174.9332,118.0537,62.0344,935.43,GRU
2026-04-12 07:51:03,Exp13_Total_Information_96h_Delta_Fullweek,DK1,TARGET_Delta_96h,['All_Features'],SUCCESS,51.0544,29.468,0.2497,89.0853,118.5147,61.7985,2394.41,Transformer
2026-04-12 07:51:03,Exp13_Total_Information_96h_Delta_Fullweek,DK1,TARGET_Delta_96h,['All_Features'],SUCCESS,48.073,27.1972,0.3348,82.2206,113.9086,64.9498,731.52,AutoGluon
2026-04-12 09:10:27,Exp1_Weather_Only_96h_Delta_Fullweek,DK1,TARGET_Delta_96h,"['Weather', 'Time']",SUCCESS,55.0778,30.4156,0.1268,91.95,134.6324,54.9182,1001.87,LSTM
2026-04-12 09:10:27,Exp1_Weather_Only_96h_Delta_Fullweek,DK1,TARGET_Delta_96h,"['Weather', 'Time']",SUCCESS,54.9584,30.4452,0.1306,92.0396,134.424,54.6338,973.53,GRU
2026-04-12 09:10:27,Exp1_Weather_Only_96h_Delta_Fullweek,DK1,TARGET_Delta_96h,"['Weather', 'Time']",SUCCESS,54.5175,30.1403,0.1445,91.1179,131.9772,54.9195,2000.4,Transformer
2026-04-12 09:10:27,Exp1_Weather_Only_96h_Delta_Fullweek,DK1,TARGET_Delta_96h,"['Weather', 'Time']",SUCCESS,54.6138,30.3383,0.1414,91.7165,131.0447,56.0385,783.74,AutoGluon
2026-04-12 10:33:28,Exp9_Weather_Grid_Gridlags_96h_Delta_Fullweek,DK1,TARGET_Delta_96h,"['Weather', 'Grid', 'GridExchange', 'GridLags', 'GridExchangeLags', 'Time']",SUCCESS,1870.5181,77.845,-1006.1562,235.3351,124.0996,54.1923,1035.39,LSTM
2026-04-12 10:33:28,Exp9_Weather_Grid_Gridlags_96h_Delta_Fullweek,DK1,TARGET_Delta_96h,"['Weather', 'Grid', 'GridExchange', 'GridLags', 'GridExchangeLags', 'Time']",SUCCESS,1369.739,75.1601,-539.0683,227.2183,123.897,53.7822,949.7,GRU
2026-04-12 10:33:28,Exp9_Weather_Grid_Gridlags_96h_Delta_Fullweek,DK1,TARGET_Delta_96h,"['Weather', 'Grid', 'GridExchange', 'GridLags', 'GridExchangeLags', 'Time']",SUCCESS,52.9289,30.5129,0.1936,92.2443,124.6649,53.9708,2244.88,Transformer
2026-04-12 10:33:28,Exp9_Weather_Grid_Gridlags_96h_Delta_Fullweek,DK1,TARGET_Delta_96h,"['Weather', 'Grid', 'GridExchange', 'GridLags', 'GridExchangeLags', 'Time']",SUCCESS,50.5538,28.6296,0.2643,86.5506,117.4287,56.6753,741.04,AutoGluon
2026-04-12 11:55:39,Exp13_Total_Information_120h_Delta_Fullweek,DK1,TARGET_Delta_120h,['All_Features'],SUCCESS,824.3657,44.1014,-193.1479,131.4982,117.7238,61.8837,964.59,LSTM
2026-04-12 11:55:39,Exp13_Total_Information_120h_Delta_Fullweek,DK1,TARGET_Delta_120h,['All_Features'],SUCCESS,2016.2639,72.8074,-1160.4157,217.0912,116.2754,62.1628,960.52,GRU
2026-04-12 11:55:39,Exp13_Total_Information_120h_Delta_Fullweek,DK1,TARGET_Delta_120h,['All_Features'],SUCCESS,51.669,29.5187,0.2373,88.0165,116.9247,62.5283,2262.69,Transformer
2026-04-12 11:55:39,Exp13_Total_Information_120h_Delta_Fullweek,DK1,TARGET_Delta_120h,['All_Features'],SUCCESS,49.3437,27.764,0.3044,82.7844,112.9966,64.9537,730.6,AutoGluon
2026-04-12 13:13:02,Exp1_Weather_Only_120h_Delta_Fullweek,DK1,TARGET_Delta_120h,"['Weather', 'Time']",SUCCESS,55.2948,30.9843,0.1265,92.3865,135.3168,54.3259,945.46,LSTM
2026-04-12 13:13:02,Exp1_Weather_Only_120h_Delta_Fullweek,DK1,TARGET_Delta_120h,"['Weather', 'Time']",SUCCESS,55.4331,30.9053,0.1221,92.1511,134.1474,54.5067,869.21,GRU
2026-04-12 13:13:02,Exp1_Weather_Only_120h_Delta_Fullweek,DK1,TARGET_Delta_120h,"['Weather', 'Time']",SUCCESS,54.937,30.6554,0.1378,91.406,133.8757,54.2434,2049.46,Transformer
2026-04-12 13:13:02,Exp1_Weather_Only_120h_Delta_Fullweek,DK1,TARGET_Delta_120h,"['Weather', 'Time']",SUCCESS,55.2077,30.9517,0.1293,92.2893,131.3592,55.665,774.4,AutoGluon
2026-04-12 14:32:05,Exp9_Weather_Grid_Gridlags_120h_Delta_Fullweek,DK1,TARGET_Delta_120h,"['Weather', 'Grid', 'GridExchange', 'GridLags', 'GridExchangeLags', 'Time']",SUCCESS,1846.0883,69.2021,-972.6389,206.3414,125.1334,54.153,977.72,LSTM
2026-04-12 14:32:05,Exp9_Weather_Grid_Gridlags_120h_Delta_Fullweek,DK1,TARGET_Delta_120h,"['Weather', 'Grid', 'GridExchange', 'GridLags', 'GridExchangeLags', 'Time']",SUCCESS,3212.4575,102.7168,-2947.2733,306.2727,124.7004,54.1241,941.32,GRU
2026-04-12 14:32:05,Exp9_Weather_Grid_Gridlags_120h_Delta_Fullweek,DK1,TARGET_Delta_120h,"['Weather', 'Grid', 'GridExchange', 'GridLags', 'GridExchangeLags', 'Time']",SUCCESS,54.3572,31.0745,0.1559,92.6554,122.9434,54.0115,2074.26,Transformer
2026-04-12 14:32:05,Exp9_Weather_Grid_Gridlags_120h_Delta_Fullweek,DK1,TARGET_Delta_120h,"['Weather', 'Grid', 'GridExchange', 'GridLags', 'GridExchangeLags', 'Time']",SUCCESS,50.8641,29.0435,0.2609,86.5997,117.0821,56.7382,739.77,AutoGluon
2026-04-12 15:50:05,Exp13_Total_Information_144h_Delta_Fullweek,DK1,TARGET_Delta_144h,['All_Features'],SUCCESS,809.0923,48.0043,-192.7112,147.2473,120.9594,61.4644,905.74,LSTM
2026-04-12 15:50:05,Exp13_Total_Information_144h_Delta_Fullweek,DK1,TARGET_Delta_144h,['All_Features'],SUCCESS,940.2024,52.5332,-260.5781,161.1393,121.6204,61.4513,880.88,GRU
2026-04-12 15:50:05,Exp13_Total_Information_144h_Delta_Fullweek,DK1,TARGET_Delta_144h,['All_Features'],SUCCESS,52.7177,29.5867,0.1776,90.7535,119.8649,62.1746,2150.64,Transformer
2026-04-12 15:50:05,Exp13_Total_Information_144h_Delta_Fullweek,DK1,TARGET_Delta_144h,['All_Features'],SUCCESS,50.4505,28.2195,0.2468,86.5598,117.2989,63.8203,729.88,AutoGluon
2026-04-12 17:05:29,Exp1_Weather_Only_144h_Delta_Fullweek,DK1,TARGET_Delta_144h,"['Weather', 'Time']",SUCCESS,55.2431,30.699,0.0969,94.1655,139.4398,52.9265,896.6,LSTM
2026-04-12 17:05:29,Exp1_Weather_Only_144h_Delta_Fullweek,DK1,TARGET_Delta_144h,"['Weather', 'Time']",SUCCESS,55.0237,30.6456,0.1041,94.0018,139.4402,52.5583,951.43,GRU
2026-04-12 17:05:29,Exp1_Weather_Only_144h_Delta_Fullweek,DK1,TARGET_Delta_144h,"['Weather', 'Time']",SUCCESS,54.6892,30.4162,0.115,93.298,138.2399,53.241,1893.92,Transformer
2026-04-12 17:05:29,Exp1_Weather_Only_144h_Delta_Fullweek,DK1,TARGET_Delta_144h,"['Weather', 'Time']",SUCCESS,54.8687,30.7037,0.1091,94.18,136.282,53.9564,777.98,AutoGluon
2026-04-12 18:35:02,Exp9_Weather_Grid_Gridlags_144h_Delta_Fullweek,DK1,TARGET_Delta_144h,"['Weather', 'Grid', 'GridExchange', 'GridLags', 'GridExchangeLags', 'Time']",SUCCESS,2046.8534,85.8432,-1238.7444,263.3138,128.6336,53.1309,967.62,LSTM
2026-04-12 18:35:02,Exp9_Weather_Grid_Gridlags_144h_Delta_Fullweek,DK1,TARGET_Delta_144h,"['Weather', 'Grid', 'GridExchange', 'GridLags', 'GridExchangeLags', 'Time']",SUCCESS,1365.3468,74.8113,-550.6259,229.4745,128.6452,53.393,987.64,GRU
2026-04-12 18:35:02,Exp9_Weather_Grid_Gridlags_144h_Delta_Fullweek,DK1,TARGET_Delta_144h,"['Weather', 'Grid', 'GridExchange', 'GridLags', 'GridExchangeLags', 'Time']",SUCCESS,54.8975,31.3064,0.1082,96.0286,126.9781,54.115,2646.75,Transformer
2026-04-12 18:35:02,Exp9_Weather_Grid_Gridlags_144h_Delta_Fullweek,DK1,TARGET_Delta_144h,"['Weather', 'Grid', 'GridExchange', 'GridLags', 'GridExchangeLags', 'Time']",SUCCESS,51.7804,29.4884,0.2066,90.4521,122.3556,55.4397,759.42,AutoGluon
2026-04-12 20:09:35,Exp13_Total_Information_168h_Delta_Fullweek,DK1,TARGET_Delta_168h,['All_Features'],SUCCESS,1033.4546,52.1174,-334.4215,167.9305,125.9903,60.103,1465.97,LSTM
2026-04-12 20:09:35,Exp13_Total_Information_168h_Delta_Fullweek,DK1,TARGET_Delta_168h,['All_Features'],SUCCESS,427.0168,40.0767,-56.2662,129.1332,127.5319,60.0047,1054.02,GRU
2026-04-12 20:09:35,Exp13_Total_Information_168h_Delta_Fullweek,DK1,TARGET_Delta_168h,['All_Features'],SUCCESS,53.959,30.2183,0.0856,97.368,126.926,60.3388,2407.63,Transformer
2026-04-12 20:09:35,Exp13_Total_Information_168h_Delta_Fullweek,DK1,TARGET_Delta_168h,['All_Features'],SUCCESS,51.1328,28.5162,0.1789,91.8835,123.8808,61.8994,729.24,AutoGluon
2026-04-12 21:28:58,Exp1_Weather_Only_168h_Delta_Fullweek,DK1,TARGET_Delta_168h,"['Weather', 'Time']",SUCCESS,54.2704,30.046,0.075,96.8127,144.5059,51.6202,932.79,LSTM
2026-04-12 21:28:58,Exp1_Weather_Only_168h_Delta_Fullweek,DK1,TARGET_Delta_168h,"['Weather', 'Time']",SUCCESS,54.4579,30.1106,0.0686,97.0209,143.8515,51.5547,857.63,GRU
2026-04-12 21:28:58,Exp1_Weather_Only_168h_Delta_Fullweek,DK1,TARGET_Delta_168h,"['Weather', 'Time']",SUCCESS,54.046,29.768,0.0826,95.9171,141.9797,52.0866,2196.28,Transformer
2026-04-12 21:28:58,Exp1_Weather_Only_168h_Delta_Fullweek,DK1,TARGET_Delta_168h,"['Weather', 'Time']",SUCCESS,54.3808,30.291,0.0713,97.6024,140.5244,52.4496,771.8,AutoGluon
2026-04-12 22:47:30,Exp9_Weather_Grid_Gridlags_168h_Delta_Fullweek,DK1,TARGET_Delta_168h,"['Weather', 'Grid', 'GridExchange', 'GridLags', 'GridExchangeLags', 'Time']",SUCCESS,2253.9256,93.7533,-1594.465,302.0876,133.9212,51.9871,912.31,LSTM
2026-04-12 22:47:30,Exp9_Weather_Grid_Gridlags_168h_Delta_Fullweek,DK1,TARGET_Delta_168h,"['Weather', 'Grid', 'GridExchange', 'GridLags', 'GridExchangeLags', 'Time']",SUCCESS,1036.1783,61.0875,-336.1919,196.8333,135.3871,51.5691,928.72,GRU
2026-04-12 22:47:31,Exp9_Weather_Grid_Gridlags_168h_Delta_Fullweek,DK1,TARGET_Delta_168h,"['Weather', 'Grid', 'GridExchange', 'GridLags', 'GridExchangeLags', 'Time']",SUCCESS,55.0302,30.7527,0.0489,99.09,132.1809,52.4614,2121.2,Transformer
2026-04-12 22:47:31,Exp9_Weather_Grid_Gridlags_168h_Delta_Fullweek,DK1,TARGET_Delta_168h,"['Weather', 'Grid', 'GridExchange', 'GridLags', 'GridExchangeLags', 'Time']",SUCCESS,52.6957,29.8036,0.1279,96.0319,128.3058,53.7206,740.02,AutoGluon
2026-04-13 09:56:40,Exp11_Weather_Grid_Gridlags_Prices_0h_Price_Pruned,DK1,TARGET_Price_0h,"['Weather', 'Grid', 'GridExchange', 'GridLags', 'GridExchangeLags', 'Prices', 'Time']",SUCCESS,33.2463,16.2098,0.8419,21.3218,28.9959,71.0059,53.5,XGBoost
2026-04-13 09:56:40,Exp11_Weather_Grid_Gridlags_Prices_0h_Price_Pruned,DK1,TARGET_Price_0h,"['Weather', 'Grid', 'GridExchange', 'GridLags', 'GridExchangeLags', 'Prices', 'Time']",SUCCESS,33.0375,16.1905,0.8439,21.2963,29.0576,71.7213,39.91,LightGBM
2026-04-13 09:56:40,Exp11_Weather_Grid_Gridlags_Prices_0h_Price_Pruned,DK1,TARGET_Price_0h,"['Weather', 'Grid', 'GridExchange', 'GridLags', 'GridExchangeLags', 'Prices', 'Time']",SUCCESS,31.6309,16.0328,0.8569,21.0889,29.1832,72.1616,88.13,CatBoost
2026-04-13 09:56:40,Exp11_Weather_Grid_Gridlags_Prices_0h_Price_Pruned,DK1,TARGET_Price_0h,"['Weather', 'Grid', 'GridExchange', 'GridLags', 'GridExchangeLags', 'Prices', 'Time']",SUCCESS,35.9409,18.0113,0.8153,23.6913,31.3584,69.9,813.52,RandomForest
2026-04-13 10:01:49,Exp1_Weather_Only_0h_Price_Pruned,DK1,TARGET_Price_0h,"['Weather', 'Time']",SUCCESS,83.6204,42.0682,-0.0,55.3348,59.8784,67.9241,20.19,XGBoost
2026-04-13 10:01:49,Exp1_Weather_Only_0h_Price_Pruned,DK1,TARGET_Price_0h,"['Weather', 'Time']",SUCCESS,84.2618,42.5905,-0.0154,56.0219,60.28,68.2019,18.2,LightGBM
2026-04-13 10:01:49,Exp1_Weather_Only_0h_Price_Pruned,DK1,TARGET_Price_0h,"['Weather', 'Time']",SUCCESS,82.3639,40.6467,0.0298,53.465,56.5069,61.9833,48.16,CatBoost
2026-04-13 10:01:49,Exp1_Weather_Only_0h_Price_Pruned,DK1,TARGET_Price_0h,"['Weather', 'Time']",SUCCESS,83.9735,42.7469,-0.0085,56.2275,60.3438,60.3546,218.04,RandomForest
2026-04-13 10:21:04,Exp10_Weather_WeatherLags_Grid_Gridlags_0h_Price_Pruned,DK1,TARGET_Price_0h,"['Weather', 'WeatherLags', 'Grid', 'GridExchange', 'GridLags', 'GridExchangeLags', 'Time']",SUCCESS,54.5178,25.3449,0.5749,33.3376,36.9333,69.6982,65.01,XGBoost
2026-04-13 10:21:04,Exp10_Weather_WeatherLags_Grid_Gridlags_0h_Price_Pruned,DK1,TARGET_Price_0h,"['Weather', 'WeatherLags', 'Grid', 'GridExchange', 'GridLags', 'GridExchangeLags', 'Time']",SUCCESS,53.9665,25.0519,0.5835,32.9522,37.1388,69.866,44.64,LightGBM
2026-04-13 10:21:04,Exp10_Weather_WeatherLags_Grid_Gridlags_0h_Price_Pruned,DK1,TARGET_Price_0h,"['Weather', 'WeatherLags', 'Grid', 'GridExchange', 'GridLags', 'GridExchangeLags', 'Time']",SUCCESS,52.1165,24.4842,0.6116,32.2055,37.658,67.1471,80.37,CatBoost
2026-04-13 10:21:04,Exp10_Weather_WeatherLags_Grid_Gridlags_0h_Price_Pruned,DK1,TARGET_Price_0h,"['Weather', 'WeatherLags', 'Grid', 'GridExchange', 'GridLags', 'GridExchangeLags', 'Time']",SUCCESS,56.975,26.6404,0.5358,35.0417,39.0176,65.7425,953.52,RandomForest
2026-04-13 10:38:24,Exp11_Weather_Grid_Gridlags_Prices_24h_Price_Pruned,DK1,TARGET_Price_24h,"['Weather', 'Grid', 'GridExchange', 'GridLags', 'GridExchangeLags', 'Prices', 'Time']",SUCCESS,44.4711,24.1995,0.7172,31.8286,38.2571,68.6788,54.47,XGBoost
2026-04-13 10:38:24,Exp11_Weather_Grid_Gridlags_Prices_24h_Price_Pruned,DK1,TARGET_Price_24h,"['Weather', 'Grid', 'GridExchange', 'GridLags', 'GridExchangeLags', 'Prices', 'Time']",SUCCESS,43.1691,23.7999,0.7335,31.3029,37.958,69.3798,38.37,LightGBM
2026-04-13 10:38:24,Exp11_Weather_Grid_Gridlags_Prices_24h_Price_Pruned,DK1,TARGET_Price_24h,"['Weather', 'Grid', 'GridExchange', 'GridLags', 'GridExchangeLags', 'Prices', 'Time']",SUCCESS,42.062,23.2807,0.747,30.6201,37.3093,69.8227,73.97,CatBoost
2026-04-13 10:38:24,Exp11_Weather_Grid_Gridlags_Prices_24h_Price_Pruned,DK1,TARGET_Price_24h,"['Weather', 'Grid', 'GridExchange', 'GridLags', 'GridExchangeLags', 'Prices', 'Time']",SUCCESS,45.3504,24.9991,0.7059,32.8802,39.0148,66.9217,862.33,RandomForest
2026-04-13 10:43:30,Exp1_Weather_Only_24h_Price_Pruned,DK1,TARGET_Price_24h,"['Weather', 'Time']",SUCCESS,85.4542,44.6955,-0.0443,58.7861,63.5416,66.6872,20.17,XGBoost
2026-04-13 10:43:30,Exp1_Weather_Only_24h_Price_Pruned,DK1,TARGET_Price_24h,"['Weather', 'Time']",SUCCESS,85.8847,44.8596,-0.0548,59.0019,63.434,67.1026,18.15,LightGBM
2026-04-13 10:43:30,Exp1_Weather_Only_24h_Price_Pruned,DK1,TARGET_Price_24h,"['Weather', 'Time']",SUCCESS,84.0724,42.9837,-0.0108,56.5346,59.3789,56.0385,47.62,CatBoost
2026-04-13 10:43:30,Exp1_Weather_Only_24h_Price_Pruned,DK1,TARGET_Price_24h,"['Weather', 'Time']",SUCCESS,86.2517,45.4951,-0.0639,59.8377,63.9828,59.0508,216.3,RandomForest
2026-04-13 11:02:35,Exp10_Weather_WeatherLags_Grid_Gridlags_24h_Price_Pruned,DK1,TARGET_Price_24h,"['Weather', 'WeatherLags', 'Grid', 'GridExchange', 'GridLags', 'GridExchangeLags', 'Time']",SUCCESS,61.7625,32.6698,0.4545,42.9691,46.2342,66.8274,62.48,XGBoost
2026-04-13 11:02:35,Exp10_Weather_WeatherLags_Grid_Gridlags_24h_Price_Pruned,DK1,TARGET_Price_24h,"['Weather', 'WeatherLags', 'Grid', 'GridExchange', 'GridLags', 'GridExchangeLags', 'Time']",SUCCESS,60.0652,31.7361,0.4841,41.7411,45.6353,67.6201,42.74,LightGBM
2026-04-13 11:02:35,Exp10_Weather_WeatherLags_Grid_Gridlags_24h_Price_Pruned,DK1,TARGET_Price_24h,"['Weather', 'WeatherLags', 'Grid', 'GridExchange', 'GridLags', 'GridExchangeLags', 'Time']",SUCCESS,59.5406,30.8948,0.493,40.6346,45.2685,63.2608,80.42,CatBoost
2026-04-13 11:02:35,Exp10_Weather_WeatherLags_Grid_Gridlags_24h_Price_Pruned,DK1,TARGET_Price_24h,"['Weather', 'WeatherLags', 'Grid', 'GridExchange', 'GridLags', 'GridExchangeLags', 'Time']",SUCCESS,62.8347,33.4096,0.4354,43.9421,48.0227,62.2296,947.62,RandomForest
2026-04-13 11:19:50,Exp11_Weather_Grid_Gridlags_Prices_48h_Price_Pruned,DK1,TARGET_Price_48h,"['Weather', 'Grid', 'GridExchange', 'GridLags', 'GridExchangeLags', 'Prices', 'Time']",SUCCESS,48.7706,27.255,0.6598,35.8367,41.544,68.5295,55.49,XGBoost
2026-04-13 11:19:50,Exp11_Weather_Grid_Gridlags_Prices_48h_Price_Pruned,DK1,TARGET_Price_48h,"['Weather', 'Grid', 'GridExchange', 'GridLags', 'GridExchangeLags', 'Prices', 'Time']",SUCCESS,48.6499,27.1764,0.6615,35.7334,41.2512,68.7509,38.73,LightGBM
2026-04-13 11:19:50,Exp11_Weather_Grid_Gridlags_Prices_48h_Price_Pruned,DK1,TARGET_Price_48h,"['Weather', 'Grid', 'GridExchange', 'GridLags', 'GridExchangeLags', 'Prices', 'Time']",SUCCESS,47.1084,26.1417,0.6826,34.3729,40.073,67.9582,75.28,CatBoost
2026-04-13 11:19:50,Exp11_Weather_Grid_Gridlags_Prices_48h_Price_Pruned,DK1,TARGET_Price_48h,"['Weather', 'Grid', 'GridExchange', 'GridLags', 'GridExchangeLags', 'Prices', 'Time']",SUCCESS,50.586,28.2458,0.634,37.1395,42.47,65.5106,854.83,RandomForest
2026-04-13 11:24:59,Exp1_Weather_Only_48h_Price_Pruned,DK1,TARGET_Price_48h,"['Weather', 'Time']",SUCCESS,85.5504,45.1237,-0.0467,59.3317,64.2021,66.7724,20.29,XGBoost
2026-04-13 11:24:59,Exp1_Weather_Only_48h_Price_Pruned,DK1,TARGET_Price_48h,"['Weather', 'Time']",SUCCESS,86.4396,45.5655,-0.0685,59.9126,64.2286,67.4655,18.26,LightGBM
2026-04-13 11:24:59,Exp1_Weather_Only_48h_Price_Pruned,DK1,TARGET_Price_48h,"['Weather', 'Time']",SUCCESS,84.2134,43.4588,-0.0142,57.1425,59.8944,52.1194,48.01,CatBoost
2026-04-13 11:24:59,Exp1_Weather_Only_48h_Price_Pruned,DK1,TARGET_Price_48h,"['Weather', 'Time']",SUCCESS,87.1741,46.0211,-0.0868,60.5116,64.6736,58.8097,218.05,RandomForest
2026-04-13 11:44:12,Exp10_Weather_WeatherLags_Grid_Gridlags_48h_Price_Pruned,DK1,TARGET_Price_48h,"['Weather', 'WeatherLags', 'Grid', 'GridExchange', 'GridLags', 'GridExchangeLags', 'Time']",SUCCESS,61.204,32.9068,0.4643,43.268,47.1076,67.248,62.22,XGBoost
2026-04-13 11:44:12,Exp10_Weather_WeatherLags_Grid_Gridlags_48h_Price_Pruned,DK1,TARGET_Price_48h,"['Weather', 'WeatherLags', 'Grid', 'GridExchange', 'GridLags', 'GridExchangeLags', 'Time']",SUCCESS,60.0013,32.4481,0.4851,42.6649,46.7144,67.9621,42.68,LightGBM
2026-04-13 11:44:12,Exp10_Weather_WeatherLags_Grid_Gridlags_48h_Price_Pruned,DK1,TARGET_Price_48h,"['Weather', 'WeatherLags', 'Grid', 'GridExchange', 'GridLags', 'GridExchangeLags', 'Time']",SUCCESS,60.5203,31.9632,0.4762,42.0273,46.1784,62.2951,81.09,CatBoost
2026-04-13 11:44:12,Exp10_Weather_WeatherLags_Grid_Gridlags_48h_Price_Pruned,DK1,TARGET_Price_48h,"['Weather', 'WeatherLags', 'Grid', 'GridExchange', 'GridLags', 'GridExchangeLags', 'Time']",SUCCESS,63.6275,34.3368,0.421,45.1483,49.0406,61.6596,955.6,RandomForest
2026-04-13 12:01:35,Exp11_Weather_Grid_Gridlags_Prices_72h_Price_Pruned,DK1,TARGET_Price_72h,"['Weather', 'Grid', 'GridExchange', 'GridLags', 'GridExchangeLags', 'Prices', 'Time']",SUCCESS,50.1204,28.0519,0.6407,36.8772,42.0804,67.7394,55.44,XGBoost
2026-04-13 12:01:35,Exp11_Weather_Grid_Gridlags_Prices_72h_Price_Pruned,DK1,TARGET_Price_72h,"['Weather', 'Grid', 'GridExchange', 'GridLags', 'GridExchangeLags', 'Prices', 'Time']",SUCCESS,50.2627,28.2885,0.6387,37.1882,42.3428,68.1442,39.2,LightGBM
2026-04-13 12:01:35,Exp11_Weather_Grid_Gridlags_Prices_72h_Price_Pruned,DK1,TARGET_Price_72h,"['Weather', 'Grid', 'GridExchange', 'GridLags', 'GridExchangeLags', 'Prices', 'Time']",SUCCESS,48.261,26.9238,0.6669,35.3942,40.7447,66.146,74.83,CatBoost
2026-04-13 12:01:35,Exp11_Weather_Grid_Gridlags_Prices_72h_Price_Pruned,DK1,TARGET_Price_72h,"['Weather', 'Grid', 'GridExchange', 'GridLags', 'GridExchangeLags', 'Prices', 'Time']",SUCCESS,53.3404,29.58,0.5931,38.8861,43.1387,64.8462,863.03,RandomForest
2026-04-13 12:06:46,Exp1_Weather_Only_72h_Price_Pruned,DK1,TARGET_Price_72h,"['Weather', 'Time']",SUCCESS,85.825,45.3474,-0.0535,59.614,64.338,66.8706,20.49,XGBoost
2026-04-13 12:06:46,Exp1_Weather_Only_72h_Price_Pruned,DK1,TARGET_Price_72h,"['Weather', 'Time']",SUCCESS,86.75,45.7603,-0.0763,60.1568,64.3822,67.2545,18.47,LightGBM
2026-04-13 12:06:46,Exp1_Weather_Only_72h_Price_Pruned,DK1,TARGET_Price_72h,"['Weather', 'Time']",SUCCESS,84.5355,43.5247,-0.022,57.2178,59.7743,49.3442,48.24,CatBoost
2026-04-13 12:06:46,Exp1_Weather_Only_72h_Price_Pruned,DK1,TARGET_Price_72h,"['Weather', 'Time']",SUCCESS,87.1445,46.309,-0.0861,60.8781,64.8527,58.304,218.93,RandomForest
2026-04-13 12:26:01,Exp10_Weather_WeatherLags_Grid_Gridlags_72h_Price_Pruned,DK1,TARGET_Price_72h,"['Weather', 'WeatherLags', 'Grid', 'GridExchange', 'GridLags', 'GridExchangeLags', 'Time']",SUCCESS,61.6635,33.3888,0.4562,43.8931,47.6273,66.9034,63.45,XGBoost
2026-04-13 12:26:01,Exp10_Weather_WeatherLags_Grid_Gridlags_72h_Price_Pruned,DK1,TARGET_Price_72h,"['Weather', 'WeatherLags', 'Grid', 'GridExchange', 'GridLags', 'GridExchangeLags', 'Time']",SUCCESS,61.6334,33.2919,0.4567,43.7658,47.3418,67.6136,43.46,LightGBM
2026-04-13 12:26:01,Exp10_Weather_WeatherLags_Grid_Gridlags_72h_Price_Pruned,DK1,TARGET_Price_72h,"['Weather', 'WeatherLags', 'Grid', 'GridExchange', 'GridLags', 'GridExchangeLags', 'Time']",SUCCESS,61.0221,32.0166,0.4674,42.0893,46.1333,60.8341,80.58,CatBoost
2026-04-13 12:26:01,Exp10_Weather_WeatherLags_Grid_Gridlags_72h_Price_Pruned,DK1,TARGET_Price_72h,"['Weather', 'WeatherLags', 'Grid', 'GridExchange', 'GridLags', 'GridExchangeLags', 'Time']",SUCCESS,65.2889,35.12,0.3904,46.1689,49.6206,61.3962,955.83,RandomForest
2026-04-13 12:43:25,Exp11_Weather_Grid_Gridlags_Prices_96h_Price_Pruned,DK1,TARGET_Price_96h,"['Weather', 'Grid', 'GridExchange', 'GridLags', 'GridExchangeLags', 'Prices', 'Time']",SUCCESS,51.168,28.5825,0.6255,37.5666,42.5667,67.8914,55.63,XGBoost
2026-04-13 12:43:25,Exp11_Weather_Grid_Gridlags_Prices_96h_Price_Pruned,DK1,TARGET_Price_96h,"['Weather', 'Grid', 'GridExchange', 'GridLags', 'GridExchangeLags', 'Prices', 'Time']",SUCCESS,51.2954,28.7192,0.6237,37.7462,42.6461,68.7011,39.32,LightGBM
2026-04-13 12:43:25,Exp11_Weather_Grid_Gridlags_Prices_96h_Price_Pruned,DK1,TARGET_Price_96h,"['Weather', 'Grid', 'GridExchange', 'GridLags', 'GridExchangeLags', 'Prices', 'Time']",SUCCESS,48.9144,27.2603,0.6578,35.8288,41.0271,65.1725,75.67,CatBoost
2026-04-13 12:43:25,Exp11_Weather_Grid_Gridlags_Prices_96h_Price_Pruned,DK1,TARGET_Price_96h,"['Weather', 'Grid', 'GridExchange', 'GridLags', 'GridExchangeLags', 'Prices', 'Time']",SUCCESS,53.8442,30.263,0.5853,39.7753,43.6356,65.238,863.21,RandomForest
2026-04-13 12:48:36,Exp1_Weather_Only_96h_Price_Pruned,DK1,TARGET_Price_96h,"['Weather', 'Time']",SUCCESS,86.437,45.6364,-0.0686,59.9808,64.7395,66.7357,20.44,XGBoost
2026-04-13 12:48:36,Exp1_Weather_Only_96h_Price_Pruned,DK1,TARGET_Price_96h,"['Weather', 'Time']",SUCCESS,86.9533,45.8278,-0.0814,60.2324,64.5665,67.0174,17.91,LightGBM
2026-04-13 12:48:36,Exp1_Weather_Only_96h_Price_Pruned,DK1,TARGET_Price_96h,"['Weather', 'Time']",SUCCESS,84.7428,43.6288,-0.0271,57.3422,59.9576,51.8442,50.58,CatBoost
2026-04-13 12:48:36,Exp1_Weather_Only_96h_Price_Pruned,DK1,TARGET_Price_96h,"['Weather', 'Time']",SUCCESS,87.5074,46.4335,-0.0952,61.0284,65.0628,58.5935,217.64,RandomForest
2026-04-13 13:07:42,Exp10_Weather_WeatherLags_Grid_Gridlags_96h_Price_Pruned,DK1,TARGET_Price_96h,"['Weather', 'WeatherLags', 'Grid', 'GridExchange', 'GridLags', 'GridExchangeLags', 'Time']",SUCCESS,63.4784,33.9578,0.4237,44.6314,47.7944,67.0659,62.62,XGBoost
2026-04-13 13:07:42,Exp10_Weather_WeatherLags_Grid_Gridlags_96h_Price_Pruned,DK1,TARGET_Price_96h,"['Weather', 'WeatherLags', 'Grid', 'GridExchange', 'GridLags', 'GridExchangeLags', 'Time']",SUCCESS,63.0078,33.9317,0.4322,44.5971,47.9371,67.6922,43.09,LightGBM
2026-04-13 13:07:42,Exp10_Weather_WeatherLags_Grid_Gridlags_96h_Price_Pruned,DK1,TARGET_Price_96h,"['Weather', 'WeatherLags', 'Grid', 'GridExchange', 'GridLags', 'GridExchangeLags', 'Time']",SUCCESS,61.4262,32.1789,0.4603,42.2934,46.2256,61.1303,80.22,CatBoost
2026-04-13 13:07:42,Exp10_Weather_WeatherLags_Grid_Gridlags_96h_Price_Pruned,DK1,TARGET_Price_96h,"['Weather', 'WeatherLags', 'Grid', 'GridExchange', 'GridLags', 'GridExchangeLags', 'Time']",SUCCESS,66.6712,36.1488,0.3642,47.5111,50.5294,61.564,948.42,RandomForest
2026-04-13 13:25:08,Exp11_Weather_Grid_Gridlags_Prices_120h_Price_Pruned,DK1,TARGET_Price_120h,"['Weather', 'Grid', 'GridExchange', 'GridLags', 'GridExchangeLags', 'Prices', 'Time']",SUCCESS,52.2071,28.785,0.6102,37.8266,42.4398,68.1036,55.26,XGBoost
2026-04-13 13:25:08,Exp11_Weather_Grid_Gridlags_Prices_120h_Price_Pruned,DK1,TARGET_Price_120h,"['Weather', 'Grid', 'GridExchange', 'GridLags', 'GridExchangeLags', 'Prices', 'Time']",SUCCESS,52.0551,28.88,0.6124,37.9513,42.5414,68.8099,38.99,LightGBM
2026-04-13 13:25:08,Exp11_Weather_Grid_Gridlags_Prices_120h_Price_Pruned,DK1,TARGET_Price_120h,"['Weather', 'Grid', 'GridExchange', 'GridLags', 'GridExchangeLags', 'Prices', 'Time']",SUCCESS,49.9269,27.6371,0.6435,36.3181,41.3116,65.3782,74.38,CatBoost
2026-04-13 13:25:09,Exp11_Weather_Grid_Gridlags_Prices_120h_Price_Pruned,DK1,TARGET_Price_120h,"['Weather', 'Grid', 'GridExchange', 'GridLags', 'GridExchangeLags', 'Prices', 'Time']",SUCCESS,53.4819,29.8606,0.5909,39.24,43.0328,65.542,867.25,RandomForest
2026-04-13 13:30:17,Exp1_Weather_Only_120h_Price_Pruned,DK1,TARGET_Price_120h,"['Weather', 'Time']",SUCCESS,86.7957,45.8411,-0.0775,60.2401,64.9154,66.606,20.38,XGBoost
2026-04-13 13:30:17,Exp1_Weather_Only_120h_Price_Pruned,DK1,TARGET_Price_120h,"['Weather', 'Time']",SUCCESS,87.091,45.9262,-0.0849,60.3518,64.7266,67.3043,17.59,LightGBM
2026-04-13 13:30:17,Exp1_Weather_Only_120h_Price_Pruned,DK1,TARGET_Price_120h,"['Weather', 'Time']",SUCCESS,84.9923,43.7725,-0.0332,57.5217,60.1263,52.0735,49.41,CatBoost
2026-04-13 13:30:17,Exp1_Weather_Only_120h_Price_Pruned,DK1,TARGET_Price_120h,"['Weather', 'Time']",SUCCESS,87.6538,46.4737,-0.0989,61.0713,65.1635,57.9777,216.46,RandomForest
2026-04-13 13:49:15,Exp10_Weather_WeatherLags_Grid_Gridlags_120h_Price_Pruned,DK1,TARGET_Price_120h,"['Weather', 'WeatherLags', 'Grid', 'GridExchange', 'GridLags', 'GridExchangeLags', 'Time']",SUCCESS,64.907,34.8412,0.3974,45.785,48.3001,67.0108,62.51,XGBoost
2026-04-13 13:49:15,Exp10_Weather_WeatherLags_Grid_Gridlags_120h_Price_Pruned,DK1,TARGET_Price_120h,"['Weather', 'WeatherLags', 'Grid', 'GridExchange', 'GridLags', 'GridExchangeLags', 'Time']",SUCCESS,64.183,34.2405,0.4108,44.9956,47.9081,67.4707,42.86,LightGBM
2026-04-13 13:49:15,Exp10_Weather_WeatherLags_Grid_Gridlags_120h_Price_Pruned,DK1,TARGET_Price_120h,"['Weather', 'WeatherLags', 'Grid', 'GridExchange', 'GridLags', 'GridExchangeLags', 'Time']",SUCCESS,61.4127,32.226,0.4606,42.3484,46.3302,60.3126,80.82,CatBoost
2026-04-13 13:49:15,Exp10_Weather_WeatherLags_Grid_Gridlags_120h_Price_Pruned,DK1,TARGET_Price_120h,"['Weather', 'WeatherLags', 'Grid', 'GridExchange', 'GridLags', 'GridExchangeLags', 'Time']",SUCCESS,68.1493,36.7237,0.3357,48.2588,50.4389,61.3556,940.63,RandomForest
2026-04-13 14:06:19,Exp11_Weather_Grid_Gridlags_Prices_144h_Price_Pruned,DK1,TARGET_Price_144h,"['Weather', 'Grid', 'GridExchange', 'GridLags', 'GridExchangeLags', 'Prices', 'Time']",SUCCESS,53.2946,29.3972,0.5937,38.6217,42.6549,68.4011,54.65,XGBoost
2026-04-13 14:06:19,Exp11_Weather_Grid_Gridlags_Prices_144h_Price_Pruned,DK1,TARGET_Price_144h,"['Weather', 'Grid', 'GridExchange', 'GridLags', 'GridExchangeLags', 'Prices', 'Time']",SUCCESS,52.9458,29.3199,0.599,38.5202,42.7136,69.0405,39.61,LightGBM
2026-04-13 14:06:19,Exp11_Weather_Grid_Gridlags_Prices_144h_Price_Pruned,DK1,TARGET_Price_144h,"['Weather', 'Grid', 'GridExchange', 'GridLags', 'GridExchangeLags', 'Prices', 'Time']",SUCCESS,50.6163,27.6753,0.6335,36.3595,41.0181,65.7779,75.79,CatBoost
2026-04-13 14:06:19,Exp11_Weather_Grid_Gridlags_Prices_144h_Price_Pruned,DK1,TARGET_Price_144h,"['Weather', 'Grid', 'GridExchange', 'GridLags', 'GridExchangeLags', 'Prices', 'Time']",SUCCESS,53.8197,29.8737,0.5857,39.2477,42.9864,65.9063,843.6,RandomForest
2026-04-13 14:11:27,Exp1_Weather_Only_144h_Price_Pruned,DK1,TARGET_Price_144h,"['Weather', 'Time']",SUCCESS,86.6801,45.8154,-0.0747,60.1917,64.8231,66.7278,20.3,XGBoost
2026-04-13 14:11:27,Exp1_Weather_Only_144h_Price_Pruned,DK1,TARGET_Price_144h,"['Weather', 'Time']",SUCCESS,86.9219,45.8758,-0.0807,60.2711,64.6211,67.3541,18.3,LightGBM
2026-04-13 14:11:27,Exp1_Weather_Only_144h_Price_Pruned,DK1,TARGET_Price_144h,"['Weather', 'Time']",SUCCESS,84.897,43.7198,-0.031,57.4386,60.1455,51.0384,49.3,CatBoost
2026-04-13 14:11:27,Exp1_Weather_Only_144h_Price_Pruned,DK1,TARGET_Price_144h,"['Weather', 'Time']",SUCCESS,87.6458,46.3855,-0.0988,60.9408,64.963,57.6947,215.47,RandomForest
2026-04-13 14:30:36,Exp10_Weather_WeatherLags_Grid_Gridlags_144h_Price_Pruned,DK1,TARGET_Price_144h,"['Weather', 'WeatherLags', 'Grid', 'GridExchange', 'GridLags', 'GridExchangeLags', 'Time']",SUCCESS,65.0144,35.3565,0.3954,46.451,48.5491,66.9427,62.54,XGBoost
2026-04-13 14:30:36,Exp10_Weather_WeatherLags_Grid_Gridlags_144h_Price_Pruned,DK1,TARGET_Price_144h,"['Weather', 'WeatherLags', 'Grid', 'GridExchange', 'GridLags', 'GridExchangeLags', 'Time']",SUCCESS,64.3857,34.7788,0.407,45.692,48.2725,67.3764,43.48,LightGBM
2026-04-13 14:30:36,Exp10_Weather_WeatherLags_Grid_Gridlags_144h_Price_Pruned,DK1,TARGET_Price_144h,"['Weather', 'WeatherLags', 'Grid', 'GridExchange', 'GridLags', 'GridExchangeLags', 'Time']",SUCCESS,61.9643,32.4833,0.4508,42.6761,46.4372,62.0488,80.77,CatBoost
2026-04-13 14:30:36,Exp10_Weather_WeatherLags_Grid_Gridlags_144h_Price_Pruned,DK1,TARGET_Price_144h,"['Weather', 'WeatherLags', 'Grid', 'GridExchange', 'GridLags', 'GridExchangeLags', 'Time']",SUCCESS,66.7418,36.5964,0.3628,48.08,49.9754,63.076,951.2,RandomForest
2026-04-13 14:47:55,Exp11_Weather_Grid_Gridlags_Prices_168h_Price_Pruned,DK1,TARGET_Price_168h,"['Weather', 'Grid', 'GridExchange', 'GridLags', 'GridExchangeLags', 'Prices', 'Time']",SUCCESS,53.913,29.7694,0.5842,39.1023,43.3201,68.2648,54.94,XGBoost
2026-04-13 14:47:55,Exp11_Weather_Grid_Gridlags_Prices_168h_Price_Pruned,DK1,TARGET_Price_168h,"['Weather', 'Grid', 'GridExchange', 'GridLags', 'GridExchangeLags', 'Prices', 'Time']",SUCCESS,54.3058,29.9124,0.5781,39.2901,43.2045,69.4126,39.09,LightGBM
2026-04-13 14:47:55,Exp11_Weather_Grid_Gridlags_Prices_168h_Price_Pruned,DK1,TARGET_Price_168h,"['Weather', 'Grid', 'GridExchange', 'GridLags', 'GridExchangeLags', 'Prices', 'Time']",SUCCESS,50.8501,27.832,0.6301,36.5575,41.2615,66.4959,76.05,CatBoost
2026-04-13 14:47:55,Exp11_Weather_Grid_Gridlags_Prices_168h_Price_Pruned,DK1,TARGET_Price_168h,"['Weather', 'Grid', 'GridExchange', 'GridLags', 'GridExchangeLags', 'Prices', 'Time']",SUCCESS,55.2092,30.7771,0.564,40.4259,43.678,66.3085,857.33,RandomForest
2026-04-13 14:53:04,Exp1_Weather_Only_168h_Price_Pruned,DK1,TARGET_Price_168h,"['Weather', 'Time']",SUCCESS,86.5918,45.8287,-0.0726,60.1962,64.9164,66.9152,20.92,XGBoost
2026-04-13 14:53:04,Exp1_Weather_Only_168h_Price_Pruned,DK1,TARGET_Price_168h,"['Weather', 'Time']",SUCCESS,87.3485,46.253,-0.0914,60.7535,65.0476,67.7105,18.1,LightGBM
2026-04-13 14:53:04,Exp1_Weather_Only_168h_Price_Pruned,DK1,TARGET_Price_168h,"['Weather', 'Time']",SUCCESS,84.8208,43.6638,-0.0291,57.3526,60.03,50.7606,49.18,CatBoost
2026-04-13 14:53:05,Exp1_Weather_Only_168h_Price_Pruned,DK1,TARGET_Price_168h,"['Weather', 'Time']",SUCCESS,87.5195,46.4899,-0.0957,61.0647,65.1466,58.532,216.96,RandomForest
2026-04-13 15:12:14,Exp10_Weather_WeatherLags_Grid_Gridlags_168h_Price_Pruned,DK1,TARGET_Price_168h,"['Weather', 'WeatherLags', 'Grid', 'GridExchange', 'GridLags', 'GridExchangeLags', 'Time']",SUCCESS,64.1121,35.481,0.412,46.6045,48.9352,66.509,62.76,XGBoost
2026-04-13 15:12:14,Exp10_Weather_WeatherLags_Grid_Gridlags_168h_Price_Pruned,DK1,TARGET_Price_168h,"['Weather', 'WeatherLags', 'Grid', 'GridExchange', 'GridLags', 'GridExchangeLags', 'Time']",SUCCESS,63.4781,34.7533,0.4236,45.6486,48.2231,67.8835,42.61,LightGBM
2026-04-13 15:12:14,Exp10_Weather_WeatherLags_Grid_Gridlags_168h_Price_Pruned,DK1,TARGET_Price_168h,"['Weather', 'WeatherLags', 'Grid', 'GridExchange', 'GridLags', 'GridExchangeLags', 'Time']",SUCCESS,60.7992,32.0689,0.4712,42.1226,46.2734,61.9151,81.95,CatBoost
2026-04-13 15:12:14,Exp10_Weather_WeatherLags_Grid_Gridlags_168h_Price_Pruned,DK1,TARGET_Price_168h,"['Weather', 'WeatherLags', 'Grid', 'GridExchange', 'GridLags', 'GridExchangeLags', 'Time']",SUCCESS,65.8913,36.6193,0.379,48.0996,50.4485,63.1638,950.5,RandomForest
2026-04-13 15:27:42,Exp8_Weather_WeatherLags_Grid_Prices_24h_Delta_Pruned,DK1,TARGET_Delta_24h,"['Weather', 'WeatherLags', 'Grid', 'GridExchange', 'Prices', 'Time']",SUCCESS,37.499,21.2671,0.2,92.3106,123.6386,60.0152,51.27,XGBoost
2026-04-13 15:27:42,Exp8_Weather_WeatherLags_Grid_Prices_24h_Delta_Pruned,DK1,TARGET_Delta_24h,"['Weather', 'WeatherLags', 'Grid', 'GridExchange', 'Prices', 'Time']",SUCCESS,37.155,21.1283,0.2146,91.7079,123.7217,60.4319,34.35,LightGBM
2026-04-13 15:27:42,Exp8_Weather_WeatherLags_Grid_Prices_24h_Delta_Pruned,DK1,TARGET_Delta_24h,"['Weather', 'WeatherLags', 'Grid', 'GridExchange', 'Prices', 'Time']",SUCCESS,36.0487,20.2177,0.2607,87.7553,125.144,60.4804,71.97,CatBoost
2026-04-13 15:27:42,Exp8_Weather_WeatherLags_Grid_Prices_24h_Delta_Pruned,DK1,TARGET_Delta_24h,"['Weather', 'WeatherLags', 'Grid', 'GridExchange', 'Prices', 'Time']",SUCCESS,37.3515,21.2259,0.2063,92.1317,126.8236,58.9395,761.11,RandomForest
2026-04-13 15:38:05,Exp5_Weather_Grid_24h_Delta_Pruned,DK1,TARGET_Delta_24h,"['Weather', 'Grid', 'GridExchange', 'Time']",SUCCESS,38.3313,21.9464,0.1641,95.2587,126.8339,54.2774,34.77,XGBoost
2026-04-13 15:38:05,Exp5_Weather_Grid_24h_Delta_Pruned,DK1,TARGET_Delta_24h,"['Weather', 'Grid', 'GridExchange', 'Time']",SUCCESS,37.9948,21.6841,0.1787,94.1206,127.0829,54.3757,26.12,LightGBM
2026-04-13 15:38:05,Exp5_Weather_Grid_24h_Delta_Pruned,DK1,TARGET_Delta_24h,"['Weather', 'Grid', 'GridExchange', 'Time']",SUCCESS,36.9727,20.5069,0.2223,89.0106,128.7079,53.1244,61.25,CatBoost
2026-04-13 15:38:05,Exp5_Weather_Grid_24h_Delta_Pruned,DK1,TARGET_Delta_24h,"['Weather', 'Grid', 'GridExchange', 'Time']",SUCCESS,38.4642,21.779,0.1583,94.5321,129.4135,53.1598,494.09,RandomForest
2026-04-13 15:46:57,Exp2_Weather_WeatherLags_Only_24h_Delta_Pruned,DK1,TARGET_Delta_24h,"['Weather', 'WeatherLags', 'Time']",SUCCESS,39.445,21.6012,0.1148,93.7606,136.9179,53.4362,30.77,XGBoost
2026-04-13 15:46:57,Exp2_Weather_WeatherLags_Only_24h_Delta_Pruned,DK1,TARGET_Delta_24h,"['Weather', 'WeatherLags', 'Time']",SUCCESS,39.456,21.5396,0.1143,93.493,137.6242,52.7287,21.65,LightGBM
2026-04-13 15:46:57,Exp2_Weather_WeatherLags_Only_24h_Delta_Pruned,DK1,TARGET_Delta_24h,"['Weather', 'WeatherLags', 'Time']",SUCCESS,39.2509,21.221,0.1235,92.1104,137.5442,53.2096,58.55,CatBoost
2026-04-13 15:46:57,Exp2_Weather_WeatherLags_Only_24h_Delta_Pruned,DK1,TARGET_Delta_24h,"['Weather', 'WeatherLags', 'Time']",SUCCESS,39.6284,21.6455,0.1066,93.9528,138.1629,51.324,414.63,RandomForest
2026-04-13 15:57:06,Exp4_Weather_WeatherLags_Prices_24h_Delta_Pruned,DK1,TARGET_Delta_24h,"['Weather', 'WeatherLags', 'Prices', 'Time']",SUCCESS,37.4493,21.2235,0.2021,92.1212,124.8821,61.1683,35.82,XGBoost
2026-04-13 15:57:06,Exp4_Weather_WeatherLags_Prices_24h_Delta_Pruned,DK1,TARGET_Delta_24h,"['Weather', 'WeatherLags', 'Prices', 'Time']",SUCCESS,37.3475,21.097,0.2065,91.572,125.1751,61.3989,25.38,LightGBM
2026-04-13 15:57:06,Exp4_Weather_WeatherLags_Prices_24h_Delta_Pruned,DK1,TARGET_Delta_24h,"['Weather', 'WeatherLags', 'Prices', 'Time']",SUCCESS,36.2909,20.3432,0.2507,88.3003,126.9004,61.2063,60.91,CatBoost
2026-04-13 15:57:06,Exp4_Weather_WeatherLags_Prices_24h_Delta_Pruned,DK1,TARGET_Delta_24h,"['Weather', 'WeatherLags', 'Prices', 'Time']",SUCCESS,37.5713,21.2564,0.1969,92.2638,127.594,59.2579,480.18,RandomForest
2026-04-13 16:12:41,Exp8_Weather_WeatherLags_Grid_Prices_48h_Delta_Pruned,DK1,TARGET_Delta_48h,"['Weather', 'WeatherLags', 'Grid', 'GridExchange', 'Prices', 'Time']",SUCCESS,44.491,25.0378,0.302,84.126,114.1081,62.2401,50.98,XGBoost
2026-04-13 16:12:41,Exp8_Weather_WeatherLags_Grid_Prices_48h_Delta_Pruned,DK1,TARGET_Delta_48h,"['Weather', 'WeatherLags', 'Grid', 'GridExchange', 'Prices', 'Time']",SUCCESS,43.9961,24.8,0.3175,83.3273,114.2127,62.7236,35.01,LightGBM
2026-04-13 16:12:41,Exp8_Weather_WeatherLags_Grid_Prices_48h_Delta_Pruned,DK1,TARGET_Delta_48h,"['Weather', 'WeatherLags', 'Grid', 'GridExchange', 'Prices', 'Time']",SUCCESS,42.9649,23.9865,0.3491,80.5939,115.8797,62.5624,71.78,CatBoost
2026-04-13 16:12:41,Exp8_Weather_WeatherLags_Grid_Prices_48h_Delta_Pruned,DK1,TARGET_Delta_48h,"['Weather', 'WeatherLags', 'Grid', 'GridExchange', 'Prices', 'Time']",SUCCESS,45.1559,25.2348,0.281,84.7881,116.5114,60.8839,767.14,RandomForest
2026-04-13 16:22:59,Exp5_Weather_Grid_48h_Delta_Pruned,DK1,TARGET_Delta_48h,"['Weather', 'Grid', 'GridExchange', 'Time']",SUCCESS,46.4101,26.4696,0.2405,88.937,118.4916,55.6297,35.01,XGBoost
2026-04-13 16:22:59,Exp5_Weather_Grid_48h_Delta_Pruned,DK1,TARGET_Delta_48h,"['Weather', 'Grid', 'GridExchange', 'Time']",SUCCESS,46.0424,26.1894,0.2525,87.9955,118.5365,55.7345,26.27,LightGBM
2026-04-13 16:22:59,Exp5_Weather_Grid_48h_Delta_Pruned,DK1,TARGET_Delta_48h,"['Weather', 'Grid', 'GridExchange', 'Time']",SUCCESS,44.5679,24.7472,0.2996,83.1497,119.0406,54.5788,60.69,CatBoost
2026-04-13 16:22:59,Exp5_Weather_Grid_48h_Delta_Pruned,DK1,TARGET_Delta_48h,"['Weather', 'Grid', 'GridExchange', 'Time']",SUCCESS,48.1719,27.0825,0.1817,90.9962,120.4155,54.8343,489.47,RandomForest
2026-04-13 16:31:54,Exp2_Weather_WeatherLags_Only_48h_Delta_Pruned,DK1,TARGET_Delta_48h,"['Weather', 'WeatherLags', 'Time']",SUCCESS,49.2694,26.907,0.144,90.4064,129.4755,54.833,30.86,XGBoost
2026-04-13 16:31:54,Exp2_Weather_WeatherLags_Only_48h_Delta_Pruned,DK1,TARGET_Delta_48h,"['Weather', 'WeatherLags', 'Time']",SUCCESS,49.2314,26.8131,0.1454,90.0912,130.1023,53.8529,22.15,LightGBM
2026-04-13 16:31:54,Exp2_Weather_WeatherLags_Only_48h_Delta_Pruned,DK1,TARGET_Delta_48h,"['Weather', 'WeatherLags', 'Time']",SUCCESS,48.8909,26.4078,0.1571,88.7294,129.0661,55.0204,58.17,CatBoost
2026-04-13 16:31:54,Exp2_Weather_WeatherLags_Only_48h_Delta_Pruned,DK1,TARGET_Delta_48h,"['Weather', 'WeatherLags', 'Time']",SUCCESS,49.541,27.0355,0.1346,90.8382,130.1517,52.4312,417.66,RandomForest
2026-04-13 16:42:10,Exp4_Weather_WeatherLags_Prices_48h_Delta_Pruned,DK1,TARGET_Delta_48h,"['Weather', 'WeatherLags', 'Prices', 'Time']",SUCCESS,44.5964,24.9347,0.2987,83.7799,115.0607,63.5346,35.52,XGBoost
2026-04-13 16:42:10,Exp4_Weather_WeatherLags_Prices_48h_Delta_Pruned,DK1,TARGET_Delta_48h,"['Weather', 'WeatherLags', 'Prices', 'Time']",SUCCESS,44.5236,24.9069,0.301,83.6862,115.6226,63.5844,25.47,LightGBM
2026-04-13 16:42:10,Exp4_Weather_WeatherLags_Prices_48h_Delta_Pruned,DK1,TARGET_Delta_48h,"['Weather', 'WeatherLags', 'Prices', 'Time']",SUCCESS,43.2125,24.132,0.3416,81.0826,116.4914,63.8819,60.93,CatBoost
2026-04-13 16:42:10,Exp4_Weather_WeatherLags_Prices_48h_Delta_Pruned,DK1,TARGET_Delta_48h,"['Weather', 'WeatherLags', 'Prices', 'Time']",SUCCESS,45.3211,25.2115,0.2757,84.7097,117.3017,61.6635,486.98,RandomForest
2026-04-13 16:57:49,Exp8_Weather_WeatherLags_Grid_Prices_72h_Delta_Pruned,DK1,TARGET_Delta_72h,"['Weather', 'WeatherLags', 'Grid', 'GridExchange', 'Prices', 'Time']",SUCCESS,46.8439,26.2011,0.321,82.3939,113.6294,62.2689,51.01,XGBoost
2026-04-13 16:57:49,Exp8_Weather_WeatherLags_Grid_Prices_72h_Delta_Pruned,DK1,TARGET_Delta_72h,"['Weather', 'WeatherLags', 'Grid', 'GridExchange', 'Prices', 'Time']",SUCCESS,46.6212,26.1479,0.3275,82.2265,113.7603,62.6502,35.57,LightGBM
2026-04-13 16:57:49,Exp8_Weather_WeatherLags_Grid_Prices_72h_Delta_Pruned,DK1,TARGET_Delta_72h,"['Weather', 'WeatherLags', 'Grid', 'GridExchange', 'Prices', 'Time']",SUCCESS,45.7943,25.4148,0.3511,79.9212,114.466,62.6148,72.09,CatBoost
2026-04-13 16:57:49,Exp8_Weather_WeatherLags_Grid_Prices_72h_Delta_Pruned,DK1,TARGET_Delta_72h,"['Weather', 'WeatherLags', 'Grid', 'GridExchange', 'Prices', 'Time']",SUCCESS,47.9107,26.6803,0.2898,83.9008,115.7412,61.374,771.0,RandomForest
2026-04-13 17:08:17,Exp5_Weather_Grid_72h_Delta_Pruned,DK1,TARGET_Delta_72h,"['Weather', 'Grid', 'GridExchange', 'Time']",SUCCESS,48.9007,27.9252,0.2601,87.8155,117.5142,55.5746,35.12,XGBoost
2026-04-13 17:08:17,Exp5_Weather_Grid_72h_Delta_Pruned,DK1,TARGET_Delta_72h,"['Weather', 'Grid', 'GridExchange', 'Time']",SUCCESS,48.5697,27.6529,0.2701,86.9592,117.7469,55.5275,26.82,LightGBM
2026-04-13 17:08:17,Exp5_Weather_Grid_72h_Delta_Pruned,DK1,TARGET_Delta_72h,"['Weather', 'Grid', 'GridExchange', 'Time']",SUCCESS,47.4688,26.3516,0.3028,82.8671,118.0276,54.4321,61.69,CatBoost
2026-04-13 17:08:17,Exp5_Weather_Grid_72h_Delta_Pruned,DK1,TARGET_Delta_72h,"['Weather', 'Grid', 'GridExchange', 'Time']",SUCCESS,50.1739,28.4245,0.2211,89.3856,119.6462,54.4753,497.08,RandomForest
2026-04-13 17:17:17,Exp2_Weather_WeatherLags_Only_72h_Delta_Pruned,DK1,TARGET_Delta_72h,"['Weather', 'WeatherLags', 'Time']",SUCCESS,52.2478,28.4627,0.1554,89.5059,128.8266,54.8199,30.98,XGBoost
2026-04-13 17:17:17,Exp2_Weather_WeatherLags_Only_72h_Delta_Pruned,DK1,TARGET_Delta_72h,"['Weather', 'WeatherLags', 'Time']",SUCCESS,52.2036,28.3921,0.1568,89.2839,129.3471,53.9852,22.32,LightGBM
2026-04-13 17:17:17,Exp2_Weather_WeatherLags_Only_72h_Delta_Pruned,DK1,TARGET_Delta_72h,"['Weather', 'WeatherLags', 'Time']",SUCCESS,52.0317,28.0809,0.1623,88.3051,128.8574,54.9129,58.44,CatBoost
2026-04-13 17:17:17,Exp2_Weather_WeatherLags_Only_72h_Delta_Pruned,DK1,TARGET_Delta_72h,"['Weather', 'WeatherLags', 'Time']",SUCCESS,52.7715,28.8167,0.1383,90.619,129.5191,51.8717,422.4,RandomForest
2026-04-13 17:27:38,Exp4_Weather_WeatherLags_Prices_72h_Delta_Pruned,DK1,TARGET_Delta_72h,"['Weather', 'WeatherLags', 'Prices', 'Time']",SUCCESS,47.2241,26.3367,0.31,82.8201,115.1381,63.4351,36.01,XGBoost
2026-04-13 17:27:38,Exp4_Weather_WeatherLags_Prices_72h_Delta_Pruned,DK1,TARGET_Delta_72h,"['Weather', 'WeatherLags', 'Prices', 'Time']",SUCCESS,47.396,26.3602,0.3049,82.8942,115.6064,63.8727,25.81,LightGBM
2026-04-13 17:27:38,Exp4_Weather_WeatherLags_Prices_72h_Delta_Pruned,DK1,TARGET_Delta_72h,"['Weather', 'WeatherLags', 'Prices', 'Time']",SUCCESS,46.0541,25.557,0.3437,80.3683,116.2222,63.6067,60.81,CatBoost
2026-04-13 17:27:38,Exp4_Weather_WeatherLags_Prices_72h_Delta_Pruned,DK1,TARGET_Delta_72h,"['Weather', 'WeatherLags', 'Prices', 'Time']",SUCCESS,47.9623,26.7344,0.2882,84.071,117.1992,61.716,491.09,RandomForest
2026-04-13 17:43:12,Exp8_Weather_WeatherLags_Grid_Prices_96h_Delta_Pruned,DK1,TARGET_Delta_96h,"['Weather', 'WeatherLags', 'Grid', 'GridExchange', 'Prices', 'Time']",SUCCESS,48.5052,27.2316,0.3227,82.3245,114.0208,62.6843,50.92,XGBoost
2026-04-13 17:43:12,Exp8_Weather_WeatherLags_Grid_Prices_96h_Delta_Pruned,DK1,TARGET_Delta_96h,"['Weather', 'WeatherLags', 'Grid', 'GridExchange', 'Prices', 'Time']",SUCCESS,48.4607,27.153,0.324,82.087,114.1601,63.1966,35.08,LightGBM
2026-04-13 17:43:12,Exp8_Weather_WeatherLags_Grid_Prices_96h_Delta_Pruned,DK1,TARGET_Delta_96h,"['Weather', 'WeatherLags', 'Grid', 'GridExchange', 'Prices', 'Time']",SUCCESS,46.7968,25.9241,0.3696,78.3717,114.2086,63.3682,72.02,CatBoost
2026-04-13 17:43:12,Exp8_Weather_WeatherLags_Grid_Prices_96h_Delta_Pruned,DK1,TARGET_Delta_96h,"['Weather', 'WeatherLags', 'Grid', 'GridExchange', 'Prices', 'Time']",SUCCESS,49.0266,27.2327,0.3081,82.3278,116.7066,60.5852,766.63,RandomForest
2026-04-13 17:54:29,Exp5_Weather_Grid_96h_Delta_Pruned,DK1,TARGET_Delta_96h,"['Weather', 'Grid', 'GridExchange', 'Time']",SUCCESS,50.9551,28.7515,0.2526,86.9192,118.1559,55.935,34.78,XGBoost
2026-04-13 17:54:29,Exp5_Weather_Grid_96h_Delta_Pruned,DK1,TARGET_Delta_96h,"['Weather', 'Grid', 'GridExchange', 'Time']",SUCCESS,50.7128,28.5696,0.2597,86.3695,118.1814,55.8223,29.15,LightGBM
2026-04-13 17:54:29,Exp5_Weather_Grid_96h_Delta_Pruned,DK1,TARGET_Delta_96h,"['Weather', 'Grid', 'GridExchange', 'Time']",SUCCESS,49.0334,27.1769,0.3079,82.1591,118.5249,54.4635,73.73,CatBoost
2026-04-13 17:54:29,Exp5_Weather_Grid_96h_Delta_Pruned,DK1,TARGET_Delta_96h,"['Weather', 'Grid', 'GridExchange', 'Time']",SUCCESS,52.6794,29.5026,0.2012,89.1899,121.0052,54.6011,530.33,RandomForest
2026-04-13 18:04:17,Exp2_Weather_WeatherLags_Only_96h_Delta_Pruned,DK1,TARGET_Delta_96h,"['Weather', 'WeatherLags', 'Time']",SUCCESS,54.238,29.5946,0.1532,89.4681,130.0815,54.6692,33.19,XGBoost
2026-04-13 18:04:17,Exp2_Weather_WeatherLags_Only_96h_Delta_Pruned,DK1,TARGET_Delta_96h,"['Weather', 'WeatherLags', 'Time']",SUCCESS,54.3554,29.7012,0.1495,89.7903,131.2196,53.828,24.44,LightGBM
2026-04-13 18:04:17,Exp2_Weather_WeatherLags_Only_96h_Delta_Pruned,DK1,TARGET_Delta_96h,"['Weather', 'WeatherLags', 'Time']",SUCCESS,54.0034,29.2434,0.1605,88.4064,130.4909,54.6234,70.5,CatBoost
2026-04-13 18:04:17,Exp2_Weather_WeatherLags_Only_96h_Delta_Pruned,DK1,TARGET_Delta_96h,"['Weather', 'WeatherLags', 'Time']",SUCCESS,54.633,29.9138,0.1408,90.4331,131.9857,52.0578,450.88,RandomForest
2026-04-13 18:15:29,Exp4_Weather_WeatherLags_Prices_96h_Delta_Pruned,DK1,TARGET_Delta_96h,"['Weather', 'WeatherLags', 'Prices', 'Time']",SUCCESS,48.5965,27.1472,0.3202,82.0694,115.6995,63.8426,38.16,XGBoost
2026-04-13 18:15:29,Exp4_Weather_WeatherLags_Prices_96h_Delta_Pruned,DK1,TARGET_Delta_96h,"['Weather', 'WeatherLags', 'Prices', 'Time']",SUCCESS,48.8885,27.2278,0.312,82.3128,116.054,63.9212,27.92,LightGBM
2026-04-13 18:15:29,Exp4_Weather_WeatherLags_Prices_96h_Delta_Pruned,DK1,TARGET_Delta_96h,"['Weather', 'WeatherLags', 'Prices', 'Time']",SUCCESS,47.0695,26.1956,0.3622,79.1924,116.1829,64.199,72.55,CatBoost
2026-04-13 18:15:29,Exp4_Weather_WeatherLags_Prices_96h_Delta_Pruned,DK1,TARGET_Delta_96h,"['Weather', 'WeatherLags', 'Prices', 'Time']",SUCCESS,49.348,27.4202,0.299,82.8945,118.0962,60.9324,523.96,RandomForest
2026-04-13 18:32:17,Exp8_Weather_WeatherLags_Grid_Prices_120h_Delta_Pruned,DK1,TARGET_Delta_120h,"['Weather', 'WeatherLags', 'Grid', 'GridExchange', 'Prices', 'Time']",SUCCESS,49.3941,27.4908,0.303,81.9699,112.8723,62.8546,56.16,XGBoost
2026-04-13 18:32:17,Exp8_Weather_WeatherLags_Grid_Prices_120h_Delta_Pruned,DK1,TARGET_Delta_120h,"['Weather', 'WeatherLags', 'Grid', 'GridExchange', 'Prices', 'Time']",SUCCESS,48.7441,27.2787,0.3212,81.3374,112.9633,63.1009,40.97,LightGBM
2026-04-13 18:32:17,Exp8_Weather_WeatherLags_Grid_Prices_120h_Delta_Pruned,DK1,TARGET_Delta_120h,"['Weather', 'WeatherLags', 'Grid', 'GridExchange', 'Prices', 'Time']",SUCCESS,46.9001,26.2231,0.3716,78.19,114.3147,63.3486,83.52,CatBoost
2026-04-13 18:32:17,Exp8_Weather_WeatherLags_Grid_Prices_120h_Delta_Pruned,DK1,TARGET_Delta_120h,"['Weather', 'WeatherLags', 'Grid', 'GridExchange', 'Prices', 'Time']",SUCCESS,49.5948,27.6357,0.2973,82.402,115.8595,61.7173,814.44,RandomForest
2026-04-13 18:43:17,Exp5_Weather_Grid_120h_Delta_Pruned,DK1,TARGET_Delta_120h,"['Weather', 'Grid', 'GridExchange', 'Time']",SUCCESS,51.2939,29.1072,0.2483,86.7897,118.2899,55.4357,37.07,XGBoost
2026-04-13 18:43:17,Exp5_Weather_Grid_120h_Delta_Pruned,DK1,TARGET_Delta_120h,"['Weather', 'Grid', 'GridExchange', 'Time']",SUCCESS,51.1972,28.9928,0.2512,86.4483,118.8339,55.5812,29.75,LightGBM
2026-04-13 18:43:17,Exp5_Weather_Grid_120h_Delta_Pruned,DK1,TARGET_Delta_120h,"['Weather', 'Grid', 'GridExchange', 'Time']",SUCCESS,49.4935,27.6214,0.3002,82.3592,119.2952,54.3993,72.47,CatBoost
2026-04-13 18:43:17,Exp5_Weather_Grid_120h_Delta_Pruned,DK1,TARGET_Delta_120h,"['Weather', 'Grid', 'GridExchange', 'Time']",SUCCESS,53.2747,30.0715,0.1892,89.6649,121.3081,53.997,511.2,RandomForest
2026-04-13 18:52:11,Exp2_Weather_WeatherLags_Only_120h_Delta_Pruned,DK1,TARGET_Delta_120h,"['Weather', 'WeatherLags', 'Time']",SUCCESS,54.6537,30.1795,0.1466,89.9869,131.3948,54.5081,30.63,XGBoost
2026-04-13 18:52:11,Exp2_Weather_WeatherLags_Only_120h_Delta_Pruned,DK1,TARGET_Delta_120h,"['Weather', 'WeatherLags', 'Time']",SUCCESS,54.4853,30.1267,0.1519,89.8295,131.7353,53.4022,22.24,LightGBM
2026-04-13 18:52:11,Exp2_Weather_WeatherLags_Only_120h_Delta_Pruned,DK1,TARGET_Delta_120h,"['Weather', 'WeatherLags', 'Time']",SUCCESS,54.24,29.6941,0.1595,88.5396,130.6674,54.6076,58.45,CatBoost
2026-04-13 18:52:11,Exp2_Weather_WeatherLags_Only_120h_Delta_Pruned,DK1,TARGET_Delta_120h,"['Weather', 'WeatherLags', 'Time']",SUCCESS,54.7754,30.2838,0.1428,90.2977,132.6791,51.1956,416.95,RandomForest
2026-04-13 19:02:28,Exp4_Weather_WeatherLags_Prices_120h_Delta_Pruned,DK1,TARGET_Delta_120h,"['Weather', 'WeatherLags', 'Prices', 'Time']",SUCCESS,49.5697,27.6218,0.298,82.3605,115.2407,64.0391,36.07,XGBoost
2026-04-13 19:02:28,Exp4_Weather_WeatherLags_Prices_120h_Delta_Pruned,DK1,TARGET_Delta_120h,"['Weather', 'WeatherLags', 'Prices', 'Time']",SUCCESS,49.3023,27.4526,0.3056,81.856,115.2188,64.254,25.55,LightGBM
2026-04-13 19:02:28,Exp4_Weather_WeatherLags_Prices_120h_Delta_Pruned,DK1,TARGET_Delta_120h,"['Weather', 'WeatherLags', 'Prices', 'Time']",SUCCESS,46.9889,26.2485,0.3692,78.2656,115.3949,64.5645,61.36,CatBoost
2026-04-13 19:02:28,Exp4_Weather_WeatherLags_Prices_120h_Delta_Pruned,DK1,TARGET_Delta_120h,"['Weather', 'WeatherLags', 'Prices', 'Time']",SUCCESS,50.3854,27.9717,0.2747,83.4038,117.4182,61.8208,487.29,RandomForest
2026-04-13 19:17:58,Exp8_Weather_WeatherLags_Grid_Prices_144h_Delta_Pruned,DK1,TARGET_Delta_144h,"['Weather', 'WeatherLags', 'Grid', 'GridExchange', 'Prices', 'Time']",SUCCESS,50.0011,27.9599,0.2602,85.7636,118.1385,62.1811,50.85,XGBoost
2026-04-13 19:17:58,Exp8_Weather_WeatherLags_Grid_Prices_144h_Delta_Pruned,DK1,TARGET_Delta_144h,"['Weather', 'WeatherLags', 'Grid', 'GridExchange', 'Prices', 'Time']",SUCCESS,49.578,27.6846,0.2727,84.9193,117.6437,62.662,34.65,LightGBM
2026-04-13 19:17:58,Exp8_Weather_WeatherLags_Grid_Prices_144h_Delta_Pruned,DK1,TARGET_Delta_144h,"['Weather', 'WeatherLags', 'Grid', 'GridExchange', 'Prices', 'Time']",SUCCESS,47.1716,26.4306,0.3416,81.0726,118.6591,62.9686,72.07,CatBoost
2026-04-13 19:17:58,Exp8_Weather_WeatherLags_Grid_Prices_144h_Delta_Pruned,DK1,TARGET_Delta_144h,"['Weather', 'WeatherLags', 'Grid', 'GridExchange', 'Prices', 'Time']",SUCCESS,49.8991,27.7084,0.2632,84.9922,120.6439,61.7422,762.42,RandomForest
2026-04-13 19:28:26,Exp5_Weather_Grid_144h_Delta_Pruned,DK1,TARGET_Delta_144h,"['Weather', 'Grid', 'GridExchange', 'Time']",SUCCESS,51.6535,29.166,0.2105,89.4631,123.5139,54.208,35.07,XGBoost
2026-04-13 19:28:26,Exp5_Weather_Grid_144h_Delta_Pruned,DK1,TARGET_Delta_144h,"['Weather', 'Grid', 'GridExchange', 'Time']",SUCCESS,51.6881,29.0912,0.2094,89.2336,123.722,54.2106,27.01,LightGBM
2026-04-13 19:28:26,Exp5_Weather_Grid_144h_Delta_Pruned,DK1,TARGET_Delta_144h,"['Weather', 'Grid', 'GridExchange', 'Time']",SUCCESS,50.1278,27.8417,0.2564,85.401,124.2808,52.5885,61.96,CatBoost
2026-04-13 19:28:26,Exp5_Weather_Grid_144h_Delta_Pruned,DK1,TARGET_Delta_144h,"['Weather', 'Grid', 'GridExchange', 'Time']",SUCCESS,52.2674,29.3893,0.1916,90.1482,126.9559,53.2384,497.11,RandomForest
2026-04-13 19:37:11,Exp2_Weather_WeatherLags_Only_144h_Delta_Pruned,DK1,TARGET_Delta_144h,"['Weather', 'WeatherLags', 'Time']",SUCCESS,54.2407,29.9971,0.1294,92.0126,136.0619,53.013,30.62,XGBoost
2026-04-13 19:37:11,Exp2_Weather_WeatherLags_Only_144h_Delta_Pruned,DK1,TARGET_Delta_144h,"['Weather', 'WeatherLags', 'Time']",SUCCESS,54.3739,30.0457,0.1251,92.1615,136.5855,51.725,21.9,LightGBM
2026-04-13 19:37:11,Exp2_Weather_WeatherLags_Only_144h_Delta_Pruned,DK1,TARGET_Delta_144h,"['Weather', 'WeatherLags', 'Time']",SUCCESS,53.9235,29.5041,0.1396,90.5004,136.4427,52.5164,58.66,CatBoost
2026-04-13 19:37:11,Exp2_Weather_WeatherLags_Only_144h_Delta_Pruned,DK1,TARGET_Delta_144h,"['Weather', 'WeatherLags', 'Time']",SUCCESS,54.5712,30.2054,0.1188,92.6514,138.9792,48.5436,407.53,RandomForest
2026-04-13 19:47:25,Exp4_Weather_WeatherLags_Prices_144h_Delta_Pruned,DK1,TARGET_Delta_144h,"['Weather', 'WeatherLags', 'Prices', 'Time']",SUCCESS,49.8608,27.648,0.2643,84.8069,118.9511,63.2922,35.53,XGBoost
2026-04-13 19:47:25,Exp4_Weather_WeatherLags_Prices_144h_Delta_Pruned,DK1,TARGET_Delta_144h,"['Weather', 'WeatherLags', 'Prices', 'Time']",SUCCESS,49.6389,27.596,0.2709,84.6474,118.8673,63.4468,25.45,LightGBM
2026-04-13 19:47:25,Exp4_Weather_WeatherLags_Prices_144h_Delta_Pruned,DK1,TARGET_Delta_144h,"['Weather', 'WeatherLags', 'Prices', 'Time']",SUCCESS,47.3742,26.3685,0.3359,80.8821,120.1726,63.9985,60.87,CatBoost
2026-04-13 19:47:25,Exp4_Weather_WeatherLags_Prices_144h_Delta_Pruned,DK1,TARGET_Delta_144h,"['Weather', 'WeatherLags', 'Prices', 'Time']",SUCCESS,50.0516,27.7122,0.2587,85.0038,121.9858,61.8601,485.73,RandomForest
2026-04-13 20:02:59,Exp8_Weather_WeatherLags_Grid_Prices_168h_Delta_Pruned,DK1,TARGET_Delta_168h,"['Weather', 'WeatherLags', 'Grid', 'GridExchange', 'Prices', 'Time']",SUCCESS,50.3625,28.1493,0.2034,90.7015,124.6712,60.3664,51.48,XGBoost
2026-04-13 20:02:59,Exp8_Weather_WeatherLags_Grid_Prices_168h_Delta_Pruned,DK1,TARGET_Delta_168h,"['Weather', 'WeatherLags', 'Grid', 'GridExchange', 'Prices', 'Time']",SUCCESS,51.0752,28.2818,0.1807,91.1284,125.0353,60.6061,34.62,LightGBM
2026-04-13 20:02:59,Exp8_Weather_WeatherLags_Grid_Prices_168h_Delta_Pruned,DK1,TARGET_Delta_168h,"['Weather', 'WeatherLags', 'Grid', 'GridExchange', 'Prices', 'Time']",SUCCESS,47.9141,26.396,0.279,85.0521,126.1389,58.4664,72.89,CatBoost
2026-04-13 20:02:59,Exp8_Weather_WeatherLags_Grid_Prices_168h_Delta_Pruned,DK1,TARGET_Delta_168h,"['Weather', 'WeatherLags', 'Grid', 'GridExchange', 'Prices', 'Time']",SUCCESS,51.0166,28.1789,0.1826,90.7967,128.4889,59.5802,764.86,RandomForest
2026-04-13 20:13:22,Exp5_Weather_Grid_168h_Delta_Pruned,DK1,TARGET_Delta_168h,"['Weather', 'Grid', 'GridExchange', 'Time']",SUCCESS,53.2244,29.7147,0.1103,95.7455,128.9063,53.1545,35.09,XGBoost
2026-04-13 20:13:22,Exp5_Weather_Grid_168h_Delta_Pruned,DK1,TARGET_Delta_168h,"['Weather', 'Grid', 'GridExchange', 'Time']",SUCCESS,52.984,29.4781,0.1183,94.9831,129.1239,53.0314,26.37,LightGBM
2026-04-13 20:13:22,Exp5_Weather_Grid_168h_Delta_Pruned,DK1,TARGET_Delta_168h,"['Weather', 'Grid', 'GridExchange', 'Time']",SUCCESS,50.3485,27.6327,0.2039,89.0369,130.3544,49.5604,61.58,CatBoost
2026-04-13 20:13:22,Exp5_Weather_Grid_168h_Delta_Pruned,DK1,TARGET_Delta_168h,"['Weather', 'Grid', 'GridExchange', 'Time']",SUCCESS,53.4369,29.7522,0.1032,95.8662,131.9342,52.1325,492.14,RandomForest
2026-04-13 20:22:08,Exp2_Weather_WeatherLags_Only_168h_Delta_Pruned,DK1,TARGET_Delta_168h,"['Weather', 'WeatherLags', 'Time']",SUCCESS,54.1374,29.6565,0.0795,95.5579,140.5942,51.2376,30.16,XGBoost
2026-04-13 20:22:08,Exp2_Weather_WeatherLags_Only_168h_Delta_Pruned,DK1,TARGET_Delta_168h,"['Weather', 'WeatherLags', 'Time']",SUCCESS,53.6197,29.3957,0.0971,94.7175,141.0277,49.6298,21.8,LightGBM
2026-04-13 20:22:08,Exp2_Weather_WeatherLags_Only_168h_Delta_Pruned,DK1,TARGET_Delta_168h,"['Weather', 'WeatherLags', 'Time']",SUCCESS,52.9837,28.7778,0.1184,92.7265,142.3803,47.7587,59.52,CatBoost
2026-04-13 20:22:08,Exp2_Weather_WeatherLags_Only_168h_Delta_Pruned,DK1,TARGET_Delta_168h,"['Weather', 'WeatherLags', 'Time']",SUCCESS,53.9813,29.5109,0.0848,95.0886,142.198,49.4582,408.5,RandomForest
2026-04-13 20:32:21,Exp4_Weather_WeatherLags_Prices_168h_Delta_Pruned,DK1,TARGET_Delta_168h,"['Weather', 'WeatherLags', 'Prices', 'Time']",SUCCESS,50.7556,28.0416,0.1909,90.3545,125.7683,61.5718,35.66,XGBoost
2026-04-13 20:32:21,Exp4_Weather_WeatherLags_Prices_168h_Delta_Pruned,DK1,TARGET_Delta_168h,"['Weather', 'WeatherLags', 'Prices', 'Time']",SUCCESS,50.4607,27.7451,0.2003,89.3989,125.2877,61.8313,25.4,LightGBM
2026-04-13 20:32:21,Exp4_Weather_WeatherLags_Prices_168h_Delta_Pruned,DK1,TARGET_Delta_168h,"['Weather', 'WeatherLags', 'Prices', 'Time']",SUCCESS,47.6836,26.3361,0.2859,84.8589,127.2726,59.8632,60.83,CatBoost
2026-04-13 20:32:21,Exp4_Weather_WeatherLags_Prices_168h_Delta_Pruned,DK1,TARGET_Delta_168h,"['Weather', 'WeatherLags', 'Prices', 'Time']",SUCCESS,50.9036,27.9607,0.1862,90.0939,128.6782,59.837,484.49,RandomForest
2026-04-14 00:59:41,Exp13_Total_Information_24h_Price,DK1,TARGET_Price_24h,['All_Features'],SUCCESS,42.9702,23.3816,0.7359,30.7528,37.5626,69.2462,72.75,XGBoost
2026-04-14 00:59:41,Exp13_Total_Information_24h_Price,DK1,TARGET_Price_24h,['All_Features'],SUCCESS,42.5259,23.1919,0.7414,30.5033,37.3818,69.8149,43.36,LightGBM
2026-04-14 00:59:41,Exp13_Total_Information_24h_Price,DK1,TARGET_Price_24h,['All_Features'],SUCCESS,40.7776,22.3626,0.7622,29.4126,36.508,70.4726,83.16,CatBoost
2026-04-14 00:59:41,Exp13_Total_Information_24h_Price,DK1,TARGET_Price_24h,['All_Features'],SUCCESS,42.9966,23.4876,0.7356,30.8922,37.7493,67.7223,1064.14,RandomForest
2026-04-14 01:15:11,Exp8_Weather_WeatherLags_Grid_Prices_24h_Delta,DK1,TARGET_Delta_24h,"['Weather', 'WeatherLags', 'Grid', 'GridExchange', 'Prices', 'Time']",SUCCESS,37.499,21.2671,0.2,92.3106,123.6386,60.0152,50.36,XGBoost
2026-04-14 01:15:11,Exp8_Weather_WeatherLags_Grid_Prices_24h_Delta,DK1,TARGET_Delta_24h,"['Weather', 'WeatherLags', 'Grid', 'GridExchange', 'Prices', 'Time']",SUCCESS,37.155,21.1283,0.2146,91.7079,123.7217,60.4319,33.5,LightGBM
2026-04-14 01:15:11,Exp8_Weather_WeatherLags_Grid_Prices_24h_Delta,DK1,TARGET_Delta_24h,"['Weather', 'WeatherLags', 'Grid', 'GridExchange', 'Prices', 'Time']",SUCCESS,36.0487,20.2177,0.2607,87.7553,125.144,60.4804,71.32,CatBoost
2026-04-14 01:15:11,Exp8_Weather_WeatherLags_Grid_Prices_24h_Delta,DK1,TARGET_Delta_24h,"['Weather', 'WeatherLags', 'Grid', 'GridExchange', 'Prices', 'Time']",SUCCESS,37.4873,21.2829,0.2005,92.379,127.1211,58.8936,765.19,RandomForest
2026-04-14 10:34:46,Exp11_Weather_Grid_Gridlags_Prices_0h_Price_Pruned,DK1,TARGET_Price_0h,"['Weather', 'Grid', 'GridExchange', 'GridLags', 'GridExchangeLags', 'Prices', 'Time']",SUCCESS,33.2463,16.2098,0.8419,21.3218,28.9959,71.0059,59.91,XGBoost
2026-04-14 10:34:46,Exp11_Weather_Grid_Gridlags_Prices_0h_Price_Pruned,DK1,TARGET_Price_0h,"['Weather', 'Grid', 'GridExchange', 'GridLags', 'GridExchangeLags', 'Prices', 'Time']",SUCCESS,33.0375,16.1905,0.8439,21.2963,29.0576,71.7213,39.66,LightGBM
2026-04-14 10:34:46,Exp11_Weather_Grid_Gridlags_Prices_0h_Price_Pruned,DK1,TARGET_Price_0h,"['Weather', 'Grid', 'GridExchange', 'GridLags', 'GridExchangeLags', 'Prices', 'Time']",SUCCESS,31.6309,16.0328,0.8569,21.0889,29.1832,72.1616,71.88,CatBoost
2026-04-14 10:34:46,Exp11_Weather_Grid_Gridlags_Prices_0h_Price_Pruned,DK1,TARGET_Price_0h,"['Weather', 'Grid', 'GridExchange', 'GridLags', 'GridExchangeLags', 'Prices', 'Time']",SUCCESS,35.4024,17.9098,0.8208,23.5578,31.3299,69.9931,819.06,RandomForest
2026-04-14 10:39:56,Exp1_Weather_Only_0h_Price_Pruned,DK1,TARGET_Price_0h,"['Weather', 'Time']",SUCCESS,83.6204,42.0682,-0.0,55.3348,59.8784,67.9241,20.47,XGBoost
2026-04-14 10:39:56,Exp1_Weather_Only_0h_Price_Pruned,DK1,TARGET_Price_0h,"['Weather', 'Time']",SUCCESS,84.2618,42.5905,-0.0154,56.0219,60.28,68.2019,18.09,LightGBM
2026-04-14 10:39:56,Exp1_Weather_Only_0h_Price_Pruned,DK1,TARGET_Price_0h,"['Weather', 'Time']",SUCCESS,82.3639,40.6467,0.0298,53.465,56.5069,61.9833,47.31,CatBoost
2026-04-14 10:39:56,Exp1_Weather_Only_0h_Price_Pruned,DK1,TARGET_Price_0h,"['Weather', 'Time']",SUCCESS,83.9816,42.7458,-0.0087,56.2261,60.3015,60.1095,219.62,RandomForest
2026-04-14 10:59:15,Exp10_Weather_WeatherLags_Grid_Gridlags_0h_Price_Pruned,DK1,TARGET_Price_0h,"['Weather', 'WeatherLags', 'Grid', 'GridExchange', 'GridLags', 'GridExchangeLags', 'Time']",SUCCESS,54.5178,25.3449,0.5749,33.3376,36.9333,69.6982,63.7,XGBoost
2026-04-14 10:59:15,Exp10_Weather_WeatherLags_Grid_Gridlags_0h_Price_Pruned,DK1,TARGET_Price_0h,"['Weather', 'WeatherLags', 'Grid', 'GridExchange', 'GridLags', 'GridExchangeLags', 'Time']",SUCCESS,53.9665,25.0519,0.5835,32.9522,37.1388,69.866,44.23,LightGBM
2026-04-14 10:59:15,Exp10_Weather_WeatherLags_Grid_Gridlags_0h_Price_Pruned,DK1,TARGET_Price_0h,"['Weather', 'WeatherLags', 'Grid', 'GridExchange', 'GridLags', 'GridExchangeLags', 'Time']",SUCCESS,52.1165,24.4842,0.6116,32.2055,37.658,67.1471,80.04,CatBoost
2026-04-14 10:59:15,Exp10_Weather_WeatherLags_Grid_Gridlags_0h_Price_Pruned,DK1,TARGET_Price_0h,"['Weather', 'WeatherLags', 'Grid', 'GridExchange', 'GridLags', 'GridExchangeLags', 'Time']",SUCCESS,56.6871,26.588,0.5404,34.9727,38.9961,65.8643,960.39,RandomForest
2026-04-14 11:16:33,Exp11_Weather_Grid_Gridlags_Prices_24h_Price_Pruned,DK1,TARGET_Price_24h,"['Weather', 'Grid', 'GridExchange', 'GridLags', 'GridExchangeLags', 'Prices', 'Time']",SUCCESS,44.4711,24.1995,0.7172,31.8286,38.2571,68.6788,54.25,XGBoost
2026-04-14 11:16:33,Exp11_Weather_Grid_Gridlags_Prices_24h_Price_Pruned,DK1,TARGET_Price_24h,"['Weather', 'Grid', 'GridExchange', 'GridLags', 'GridExchangeLags', 'Prices', 'Time']",SUCCESS,43.1691,23.7999,0.7335,31.3029,37.958,69.3798,38.55,LightGBM
2026-04-14 11:16:33,Exp11_Weather_Grid_Gridlags_Prices_24h_Price_Pruned,DK1,TARGET_Price_24h,"['Weather', 'Grid', 'GridExchange', 'GridLags', 'GridExchangeLags', 'Prices', 'Time']",SUCCESS,42.062,23.2807,0.747,30.6201,37.3093,69.8227,73.69,CatBoost
2026-04-14 11:16:33,Exp11_Weather_Grid_Gridlags_Prices_24h_Price_Pruned,DK1,TARGET_Price_24h,"['Weather', 'Grid', 'GridExchange', 'GridLags', 'GridExchangeLags', 'Prices', 'Time']",SUCCESS,45.5807,25.0935,0.7029,33.0044,39.039,66.9938,860.51,RandomForest
2026-04-14 11:21:43,Exp1_Weather_Only_24h_Price_Pruned,DK1,TARGET_Price_24h,"['Weather', 'Time']",SUCCESS,85.4542,44.6955,-0.0443,58.7861,63.5416,66.6872,20.14,XGBoost
2026-04-14 11:21:43,Exp1_Weather_Only_24h_Price_Pruned,DK1,TARGET_Price_24h,"['Weather', 'Time']",SUCCESS,85.8847,44.8596,-0.0548,59.0019,63.434,67.1026,17.93,LightGBM
2026-04-14 11:21:43,Exp1_Weather_Only_24h_Price_Pruned,DK1,TARGET_Price_24h,"['Weather', 'Time']",SUCCESS,84.0724,42.9837,-0.0108,56.5346,59.3789,56.0385,47.1,CatBoost
2026-04-14 11:21:43,Exp1_Weather_Only_24h_Price_Pruned,DK1,TARGET_Price_24h,"['Weather', 'Time']",SUCCESS,86.345,45.5974,-0.0662,59.9722,64.0773,58.925,220.36,RandomForest
2026-04-14 11:40:50,Exp10_Weather_WeatherLags_Grid_Gridlags_24h_Price_Pruned,DK1,TARGET_Price_24h,"['Weather', 'WeatherLags', 'Grid', 'GridExchange', 'GridLags', 'GridExchangeLags', 'Time']",SUCCESS,61.7625,32.6698,0.4545,42.9691,46.2342,66.8274,62.65,XGBoost
2026-04-14 11:40:50,Exp10_Weather_WeatherLags_Grid_Gridlags_24h_Price_Pruned,DK1,TARGET_Price_24h,"['Weather', 'WeatherLags', 'Grid', 'GridExchange', 'GridLags', 'GridExchangeLags', 'Time']",SUCCESS,60.0652,31.7361,0.4841,41.7411,45.6353,67.6201,43.16,LightGBM
2026-04-14 11:40:50,Exp10_Weather_WeatherLags_Grid_Gridlags_24h_Price_Pruned,DK1,TARGET_Price_24h,"['Weather', 'WeatherLags', 'Grid', 'GridExchange', 'GridLags', 'GridExchangeLags', 'Time']",SUCCESS,59.5406,30.8948,0.493,40.6346,45.2685,63.2608,80.47,CatBoost
2026-04-14 11:40:50,Exp10_Weather_WeatherLags_Grid_Gridlags_24h_Price_Pruned,DK1,TARGET_Price_24h,"['Weather', 'WeatherLags', 'Grid', 'GridExchange', 'GridLags', 'GridExchangeLags', 'Time']",SUCCESS,63.2048,33.6073,0.4287,44.2022,48.0937,62.1575,948.53,RandomForest
2026-04-14 11:58:05,Exp11_Weather_Grid_Gridlags_Prices_48h_Price_Pruned,DK1,TARGET_Price_48h,"['Weather', 'Grid', 'GridExchange', 'GridLags', 'GridExchangeLags', 'Prices', 'Time']",SUCCESS,48.7706,27.255,0.6598,35.8367,41.544,68.5295,54.81,XGBoost
2026-04-14 11:58:05,Exp11_Weather_Grid_Gridlags_Prices_48h_Price_Pruned,DK1,TARGET_Price_48h,"['Weather', 'Grid', 'GridExchange', 'GridLags', 'GridExchangeLags', 'Prices', 'Time']",SUCCESS,48.6499,27.1764,0.6615,35.7334,41.2512,68.7509,38.26,LightGBM
2026-04-14 11:58:05,Exp11_Weather_Grid_Gridlags_Prices_48h_Price_Pruned,DK1,TARGET_Price_48h,"['Weather', 'Grid', 'GridExchange', 'GridLags', 'GridExchangeLags', 'Prices', 'Time']",SUCCESS,47.1084,26.1417,0.6826,34.3729,40.073,67.9582,73.43,CatBoost
2026-04-14 11:58:05,Exp11_Weather_Grid_Gridlags_Prices_48h_Price_Pruned,DK1,TARGET_Price_48h,"['Weather', 'Grid', 'GridExchange', 'GridLags', 'GridExchangeLags', 'Prices', 'Time']",SUCCESS,50.8641,28.3222,0.63,37.2399,42.5288,65.3363,858.15,RandomForest
2026-04-14 12:03:12,Exp1_Weather_Only_48h_Price_Pruned,DK1,TARGET_Price_48h,"['Weather', 'Time']",SUCCESS,85.5504,45.1237,-0.0467,59.3317,64.2021,66.7724,20.54,XGBoost
2026-04-14 12:03:12,Exp1_Weather_Only_48h_Price_Pruned,DK1,TARGET_Price_48h,"['Weather', 'Time']",SUCCESS,86.4396,45.5655,-0.0685,59.9126,64.2286,67.4655,17.51,LightGBM
2026-04-14 12:03:12,Exp1_Weather_Only_48h_Price_Pruned,DK1,TARGET_Price_48h,"['Weather', 'Time']",SUCCESS,84.2134,43.4588,-0.0142,57.1425,59.8944,52.1194,46.73,CatBoost
2026-04-14 12:03:12,Exp1_Weather_Only_48h_Price_Pruned,DK1,TARGET_Price_48h,"['Weather', 'Time']",SUCCESS,87.0381,46.0651,-0.0834,60.5694,64.7423,58.8438,217.89,RandomForest
2026-04-14 12:22:30,Exp10_Weather_WeatherLags_Grid_Gridlags_48h_Price_Pruned,DK1,TARGET_Price_48h,"['Weather', 'WeatherLags', 'Grid', 'GridExchange', 'GridLags', 'GridExchangeLags', 'Time']",SUCCESS,61.204,32.9068,0.4643,43.268,47.1076,67.248,61.84,XGBoost
2026-04-14 12:22:30,Exp10_Weather_WeatherLags_Grid_Gridlags_48h_Price_Pruned,DK1,TARGET_Price_48h,"['Weather', 'WeatherLags', 'Grid', 'GridExchange', 'GridLags', 'GridExchangeLags', 'Time']",SUCCESS,60.0013,32.4481,0.4851,42.6649,46.7144,67.9621,42.51,LightGBM
2026-04-14 12:22:30,Exp10_Weather_WeatherLags_Grid_Gridlags_48h_Price_Pruned,DK1,TARGET_Price_48h,"['Weather', 'WeatherLags', 'Grid', 'GridExchange', 'GridLags', 'GridExchangeLags', 'Time']",SUCCESS,60.5203,31.9632,0.4762,42.0273,46.1784,62.2951,79.28,CatBoost
2026-04-14 12:22:30,Exp10_Weather_WeatherLags_Grid_Gridlags_48h_Price_Pruned,DK1,TARGET_Price_48h,"['Weather', 'WeatherLags', 'Grid', 'GridExchange', 'GridLags', 'GridExchangeLags', 'Time']",SUCCESS,64.0472,34.4432,0.4134,45.2882,49.1551,61.5456,962.28,RandomForest
2026-04-14 12:39:45,Exp11_Weather_Grid_Gridlags_Prices_72h_Price_Pruned,DK1,TARGET_Price_72h,"['Weather', 'Grid', 'GridExchange', 'GridLags', 'GridExchangeLags', 'Prices', 'Time']",SUCCESS,50.1204,28.0519,0.6407,36.8772,42.0804,67.7394,55.32,XGBoost
2026-04-14 12:39:45,Exp11_Weather_Grid_Gridlags_Prices_72h_Price_Pruned,DK1,TARGET_Price_72h,"['Weather', 'Grid', 'GridExchange', 'GridLags', 'GridExchangeLags', 'Prices', 'Time']",SUCCESS,50.2627,28.2885,0.6387,37.1882,42.3428,68.1442,39.37,LightGBM
2026-04-14 12:39:45,Exp11_Weather_Grid_Gridlags_Prices_72h_Price_Pruned,DK1,TARGET_Price_72h,"['Weather', 'Grid', 'GridExchange', 'GridLags', 'GridExchangeLags', 'Prices', 'Time']",SUCCESS,48.261,26.9238,0.6669,35.3942,40.7447,66.146,73.72,CatBoost
2026-04-14 12:39:45,Exp11_Weather_Grid_Gridlags_Prices_72h_Price_Pruned,DK1,TARGET_Price_72h,"['Weather', 'Grid', 'GridExchange', 'GridLags', 'GridExchangeLags', 'Prices', 'Time']",SUCCESS,52.7367,29.419,0.6022,38.6744,43.1082,64.6733,856.22,RandomForest
2026-04-14 12:44:52,Exp1_Weather_Only_72h_Price_Pruned,DK1,TARGET_Price_72h,"['Weather', 'Time']",SUCCESS,85.825,45.3474,-0.0535,59.614,64.338,66.8706,20.19,XGBoost
2026-04-14 12:44:52,Exp1_Weather_Only_72h_Price_Pruned,DK1,TARGET_Price_72h,"['Weather', 'Time']",SUCCESS,86.75,45.7603,-0.0763,60.1568,64.3822,67.2545,17.75,LightGBM
2026-04-14 12:44:52,Exp1_Weather_Only_72h_Price_Pruned,DK1,TARGET_Price_72h,"['Weather', 'Time']",SUCCESS,84.5355,43.5247,-0.022,57.2178,59.7743,49.3442,46.51,CatBoost
2026-04-14 12:44:52,Exp1_Weather_Only_72h_Price_Pruned,DK1,TARGET_Price_72h,"['Weather', 'Time']",SUCCESS,87.1742,46.3057,-0.0868,60.8738,64.797,58.2895,217.62,RandomForest
2026-04-14 13:04:02,Exp10_Weather_WeatherLags_Grid_Gridlags_72h_Price_Pruned,DK1,TARGET_Price_72h,"['Weather', 'WeatherLags', 'Grid', 'GridExchange', 'GridLags', 'GridExchangeLags', 'Time']",SUCCESS,61.6635,33.3888,0.4562,43.8931,47.6273,66.9034,62.13,XGBoost
2026-04-14 13:04:02,Exp10_Weather_WeatherLags_Grid_Gridlags_72h_Price_Pruned,DK1,TARGET_Price_72h,"['Weather', 'WeatherLags', 'Grid', 'GridExchange', 'GridLags', 'GridExchangeLags', 'Time']",SUCCESS,61.6334,33.2919,0.4567,43.7658,47.3418,67.6136,42.31,LightGBM
2026-04-14 13:04:02,Exp10_Weather_WeatherLags_Grid_Gridlags_72h_Price_Pruned,DK1,TARGET_Price_72h,"['Weather', 'WeatherLags', 'Grid', 'GridExchange', 'GridLags', 'GridExchangeLags', 'Time']",SUCCESS,61.0221,32.0166,0.4674,42.0893,46.1333,60.8341,80.22,CatBoost
2026-04-14 13:04:02,Exp10_Weather_WeatherLags_Grid_Gridlags_72h_Price_Pruned,DK1,TARGET_Price_72h,"['Weather', 'WeatherLags', 'Grid', 'GridExchange', 'GridLags', 'GridExchangeLags', 'Time']",SUCCESS,65.1308,35.0883,0.3933,46.1273,49.8141,61.0412,953.76,RandomForest
2026-04-14 13:21:26,Exp11_Weather_Grid_Gridlags_Prices_96h_Price_Pruned,DK1,TARGET_Price_96h,"['Weather', 'Grid', 'GridExchange', 'GridLags', 'GridExchangeLags', 'Prices', 'Time']",SUCCESS,51.168,28.5825,0.6255,37.5666,42.5667,67.8914,55.25,XGBoost
2026-04-14 13:21:26,Exp11_Weather_Grid_Gridlags_Prices_96h_Price_Pruned,DK1,TARGET_Price_96h,"['Weather', 'Grid', 'GridExchange', 'GridLags', 'GridExchangeLags', 'Prices', 'Time']",SUCCESS,51.2954,28.7192,0.6237,37.7462,42.6461,68.7011,38.82,LightGBM
2026-04-14 13:21:26,Exp11_Weather_Grid_Gridlags_Prices_96h_Price_Pruned,DK1,TARGET_Price_96h,"['Weather', 'Grid', 'GridExchange', 'GridLags', 'GridExchangeLags', 'Prices', 'Time']",SUCCESS,48.9144,27.2603,0.6578,35.8288,41.0271,65.1725,73.78,CatBoost
2026-04-14 13:21:26,Exp11_Weather_Grid_Gridlags_Prices_96h_Price_Pruned,DK1,TARGET_Price_96h,"['Weather', 'Grid', 'GridExchange', 'GridLags', 'GridExchangeLags', 'Prices', 'Time']",SUCCESS,54.0492,30.3696,0.5822,39.9154,43.6983,64.8711,864.89,RandomForest
2026-04-14 13:26:33,Exp1_Weather_Only_96h_Price_Pruned,DK1,TARGET_Price_96h,"['Weather', 'Time']",SUCCESS,86.437,45.6364,-0.0686,59.9808,64.7395,66.7357,20.13,XGBoost
2026-04-14 13:26:33,Exp1_Weather_Only_96h_Price_Pruned,DK1,TARGET_Price_96h,"['Weather', 'Time']",SUCCESS,86.9533,45.8278,-0.0814,60.2324,64.5665,67.0174,17.68,LightGBM
2026-04-14 13:26:33,Exp1_Weather_Only_96h_Price_Pruned,DK1,TARGET_Price_96h,"['Weather', 'Time']",SUCCESS,84.7428,43.6288,-0.0271,57.3422,59.9576,51.8442,47.88,CatBoost
2026-04-14 13:26:33,Exp1_Weather_Only_96h_Price_Pruned,DK1,TARGET_Price_96h,"['Weather', 'Time']",SUCCESS,87.3998,46.3556,-0.0925,60.9261,64.9662,58.2948,217.8,RandomForest
2026-04-14 13:45:45,Exp10_Weather_WeatherLags_Grid_Gridlags_96h_Price_Pruned,DK1,TARGET_Price_96h,"['Weather', 'WeatherLags', 'Grid', 'GridExchange', 'GridLags', 'GridExchangeLags', 'Time']",SUCCESS,63.4784,33.9578,0.4237,44.6314,47.7944,67.0659,62.07,XGBoost
2026-04-14 13:45:45,Exp10_Weather_WeatherLags_Grid_Gridlags_96h_Price_Pruned,DK1,TARGET_Price_96h,"['Weather', 'WeatherLags', 'Grid', 'GridExchange', 'GridLags', 'GridExchangeLags', 'Time']",SUCCESS,63.0078,33.9317,0.4322,44.5971,47.9371,67.6922,42.47,LightGBM
2026-04-14 13:45:45,Exp10_Weather_WeatherLags_Grid_Gridlags_96h_Price_Pruned,DK1,TARGET_Price_96h,"['Weather', 'WeatherLags', 'Grid', 'GridExchange', 'GridLags', 'GridExchangeLags', 'Time']",SUCCESS,61.4262,32.1789,0.4603,42.2934,46.2256,61.1303,79.05,CatBoost
2026-04-14 13:45:45,Exp10_Weather_WeatherLags_Grid_Gridlags_96h_Price_Pruned,DK1,TARGET_Price_96h,"['Weather', 'WeatherLags', 'Grid', 'GridExchange', 'GridLags', 'GridExchangeLags', 'Time']",SUCCESS,66.7582,36.0184,0.3626,47.3397,50.5511,61.1172,956.64,RandomForest
2026-04-14 14:03:03,Exp11_Weather_Grid_Gridlags_Prices_120h_Price_Pruned,DK1,TARGET_Price_120h,"['Weather', 'Grid', 'GridExchange', 'GridLags', 'GridExchangeLags', 'Prices', 'Time']",SUCCESS,52.2071,28.785,0.6102,37.8266,42.4398,68.1036,54.76,XGBoost
2026-04-14 14:03:03,Exp11_Weather_Grid_Gridlags_Prices_120h_Price_Pruned,DK1,TARGET_Price_120h,"['Weather', 'Grid', 'GridExchange', 'GridLags', 'GridExchangeLags', 'Prices', 'Time']",SUCCESS,52.0551,28.88,0.6124,37.9513,42.5414,68.8099,38.84,LightGBM
2026-04-14 14:03:03,Exp11_Weather_Grid_Gridlags_Prices_120h_Price_Pruned,DK1,TARGET_Price_120h,"['Weather', 'Grid', 'GridExchange', 'GridLags', 'GridExchangeLags', 'Prices', 'Time']",SUCCESS,49.9269,27.6371,0.6435,36.3181,41.3116,65.3782,74.51,CatBoost
2026-04-14 14:03:03,Exp11_Weather_Grid_Gridlags_Prices_120h_Price_Pruned,DK1,TARGET_Price_120h,"['Weather', 'Grid', 'GridExchange', 'GridLags', 'GridExchangeLags', 'Prices', 'Time']",SUCCESS,53.379,29.8244,0.5925,39.1924,43.0001,65.7399,859.53,RandomForest
2026-04-14 14:08:11,Exp1_Weather_Only_120h_Price_Pruned,DK1,TARGET_Price_120h,"['Weather', 'Time']",SUCCESS,86.7957,45.8411,-0.0775,60.2401,64.9154,66.606,20.47,XGBoost
2026-04-14 14:08:11,Exp1_Weather_Only_120h_Price_Pruned,DK1,TARGET_Price_120h,"['Weather', 'Time']",SUCCESS,87.091,45.9262,-0.0849,60.3518,64.7266,67.3043,17.8,LightGBM
2026-04-14 14:08:11,Exp1_Weather_Only_120h_Price_Pruned,DK1,TARGET_Price_120h,"['Weather', 'Time']",SUCCESS,84.9923,43.7725,-0.0332,57.5217,60.1263,52.0735,46.34,CatBoost
2026-04-14 14:08:11,Exp1_Weather_Only_120h_Price_Pruned,DK1,TARGET_Price_120h,"['Weather', 'Time']",SUCCESS,87.6097,46.5083,-0.0978,61.1168,65.18,58.1939,218.9,RandomForest
2026-04-14 14:27:24,Exp10_Weather_WeatherLags_Grid_Gridlags_120h_Price_Pruned,DK1,TARGET_Price_120h,"['Weather', 'WeatherLags', 'Grid', 'GridExchange', 'GridLags', 'GridExchangeLags', 'Time']",SUCCESS,64.907,34.8412,0.3974,45.785,48.3001,67.0108,62.6,XGBoost
2026-04-14 14:27:24,Exp10_Weather_WeatherLags_Grid_Gridlags_120h_Price_Pruned,DK1,TARGET_Price_120h,"['Weather', 'WeatherLags', 'Grid', 'GridExchange', 'GridLags', 'GridExchangeLags', 'Time']",SUCCESS,64.183,34.2405,0.4108,44.9956,47.9081,67.4707,41.94,LightGBM
2026-04-14 14:27:24,Exp10_Weather_WeatherLags_Grid_Gridlags_120h_Price_Pruned,DK1,TARGET_Price_120h,"['Weather', 'WeatherLags', 'Grid', 'GridExchange', 'GridLags', 'GridExchangeLags', 'Time']",SUCCESS,61.4127,32.226,0.4606,42.3484,46.3302,60.3126,79.82,CatBoost
2026-04-14 14:27:24,Exp10_Weather_WeatherLags_Grid_Gridlags_120h_Price_Pruned,DK1,TARGET_Price_120h,"['Weather', 'WeatherLags', 'Grid', 'GridExchange', 'GridLags', 'GridExchangeLags', 'Time']",SUCCESS,67.5326,36.4783,0.3477,47.9363,50.4031,61.4722,956.36,RandomForest
2026-04-14 14:44:41,Exp11_Weather_Grid_Gridlags_Prices_144h_Price_Pruned,DK1,TARGET_Price_144h,"['Weather', 'Grid', 'GridExchange', 'GridLags', 'GridExchangeLags', 'Prices', 'Time']",SUCCESS,53.2946,29.3972,0.5937,38.6217,42.6549,68.4011,54.75,XGBoost
2026-04-14 14:44:41,Exp11_Weather_Grid_Gridlags_Prices_144h_Price_Pruned,DK1,TARGET_Price_144h,"['Weather', 'Grid', 'GridExchange', 'GridLags', 'GridExchangeLags', 'Prices', 'Time']",SUCCESS,52.9458,29.3199,0.599,38.5202,42.7136,69.0405,37.87,LightGBM
2026-04-14 14:44:41,Exp11_Weather_Grid_Gridlags_Prices_144h_Price_Pruned,DK1,TARGET_Price_144h,"['Weather', 'Grid', 'GridExchange', 'GridLags', 'GridExchangeLags', 'Prices', 'Time']",SUCCESS,50.6163,27.6753,0.6335,36.3595,41.0181,65.7779,73.04,CatBoost
2026-04-14 14:44:41,Exp11_Weather_Grid_Gridlags_Prices_144h_Price_Pruned,DK1,TARGET_Price_144h,"['Weather', 'Grid', 'GridExchange', 'GridLags', 'GridExchangeLags', 'Prices', 'Time']",SUCCESS,53.6243,29.8479,0.5887,39.2138,42.9753,65.8421,860.43,RandomForest
2026-04-14 14:49:49,Exp1_Weather_Only_144h_Price_Pruned,DK1,TARGET_Price_144h,"['Weather', 'Time']",SUCCESS,86.6801,45.8154,-0.0747,60.1917,64.8231,66.7278,20.06,XGBoost
2026-04-14 14:49:49,Exp1_Weather_Only_144h_Price_Pruned,DK1,TARGET_Price_144h,"['Weather', 'Time']",SUCCESS,86.9219,45.8758,-0.0807,60.2711,64.6211,67.3541,17.62,LightGBM
2026-04-14 14:49:49,Exp1_Weather_Only_144h_Price_Pruned,DK1,TARGET_Price_144h,"['Weather', 'Time']",SUCCESS,84.897,43.7198,-0.031,57.4386,60.1455,51.0384,47.81,CatBoost
2026-04-14 14:49:49,Exp1_Weather_Only_144h_Price_Pruned,DK1,TARGET_Price_144h,"['Weather', 'Time']",SUCCESS,87.7656,46.4171,-0.1018,60.9823,64.9708,58.2044,218.76,RandomForest
2026-04-14 15:09:09,Exp10_Weather_WeatherLags_Grid_Gridlags_144h_Price_Pruned,DK1,TARGET_Price_144h,"['Weather', 'WeatherLags', 'Grid', 'GridExchange', 'GridLags', 'GridExchangeLags', 'Time']",SUCCESS,65.0144,35.3565,0.3954,46.451,48.5491,66.9427,62.28,XGBoost
2026-04-14 15:09:09,Exp10_Weather_WeatherLags_Grid_Gridlags_144h_Price_Pruned,DK1,TARGET_Price_144h,"['Weather', 'WeatherLags', 'Grid', 'GridExchange', 'GridLags', 'GridExchangeLags', 'Time']",SUCCESS,64.3857,34.7788,0.407,45.692,48.2725,67.3764,42.49,LightGBM
2026-04-14 15:09:09,Exp10_Weather_WeatherLags_Grid_Gridlags_144h_Price_Pruned,DK1,TARGET_Price_144h,"['Weather', 'WeatherLags', 'Grid', 'GridExchange', 'GridLags', 'GridExchangeLags', 'Time']",SUCCESS,61.9643,32.4833,0.4508,42.6761,46.4372,62.0488,80.05,CatBoost
2026-04-14 15:09:09,Exp10_Weather_WeatherLags_Grid_Gridlags_144h_Price_Pruned,DK1,TARGET_Price_144h,"['Weather', 'WeatherLags', 'Grid', 'GridExchange', 'GridLags', 'GridExchangeLags', 'Time']",SUCCESS,66.7149,36.5199,0.3633,47.9794,49.8895,63.0367,963.8,RandomForest
2026-04-14 15:26:24,Exp11_Weather_Grid_Gridlags_Prices_168h_Price_Pruned,DK1,TARGET_Price_168h,"['Weather', 'Grid', 'GridExchange', 'GridLags', 'GridExchangeLags', 'Prices', 'Time']",SUCCESS,53.913,29.7694,0.5842,39.1023,43.3201,68.2648,54.34,XGBoost
2026-04-14 15:26:24,Exp11_Weather_Grid_Gridlags_Prices_168h_Price_Pruned,DK1,TARGET_Price_168h,"['Weather', 'Grid', 'GridExchange', 'GridLags', 'GridExchangeLags', 'Prices', 'Time']",SUCCESS,54.3058,29.9124,0.5781,39.2901,43.2045,69.4126,38.43,LightGBM
2026-04-14 15:26:24,Exp11_Weather_Grid_Gridlags_Prices_168h_Price_Pruned,DK1,TARGET_Price_168h,"['Weather', 'Grid', 'GridExchange', 'GridLags', 'GridExchangeLags', 'Prices', 'Time']",SUCCESS,50.8501,27.832,0.6301,36.5575,41.2615,66.4959,74.42,CatBoost
2026-04-14 15:26:24,Exp11_Weather_Grid_Gridlags_Prices_168h_Price_Pruned,DK1,TARGET_Price_168h,"['Weather', 'Grid', 'GridExchange', 'GridLags', 'GridExchangeLags', 'Prices', 'Time']",SUCCESS,55.2019,30.7539,0.5641,40.3954,43.6832,66.2928,856.5,RandomForest
2026-04-14 15:31:32,Exp1_Weather_Only_168h_Price_Pruned,DK1,TARGET_Price_168h,"['Weather', 'Time']",SUCCESS,86.5918,45.8287,-0.0726,60.1962,64.9164,66.9152,20.19,XGBoost
2026-04-14 15:31:32,Exp1_Weather_Only_168h_Price_Pruned,DK1,TARGET_Price_168h,"['Weather', 'Time']",SUCCESS,87.3485,46.253,-0.0914,60.7535,65.0476,67.7105,17.53,LightGBM
2026-04-14 15:31:32,Exp1_Weather_Only_168h_Price_Pruned,DK1,TARGET_Price_168h,"['Weather', 'Time']",SUCCESS,84.8208,43.6638,-0.0291,57.3526,60.03,50.7606,48.23,CatBoost
2026-04-14 15:31:32,Exp1_Weather_Only_168h_Price_Pruned,DK1,TARGET_Price_168h,"['Weather', 'Time']",SUCCESS,87.748,46.5809,-0.1014,61.1843,65.1845,58.8425,217.7,RandomForest
2026-04-14 15:50:46,Exp10_Weather_WeatherLags_Grid_Gridlags_168h_Price_Pruned,DK1,TARGET_Price_168h,"['Weather', 'WeatherLags', 'Grid', 'GridExchange', 'GridLags', 'GridExchangeLags', 'Time']",SUCCESS,64.1121,35.481,0.412,46.6045,48.9352,66.509,61.96,XGBoost
2026-04-14 15:50:46,Exp10_Weather_WeatherLags_Grid_Gridlags_168h_Price_Pruned,DK1,TARGET_Price_168h,"['Weather', 'WeatherLags', 'Grid', 'GridExchange', 'GridLags', 'GridExchangeLags', 'Time']",SUCCESS,63.4781,34.7533,0.4236,45.6486,48.2231,67.8835,43.57,LightGBM
2026-04-14 15:50:46,Exp10_Weather_WeatherLags_Grid_Gridlags_168h_Price_Pruned,DK1,TARGET_Price_168h,"['Weather', 'WeatherLags', 'Grid', 'GridExchange', 'GridLags', 'GridExchangeLags', 'Time']",SUCCESS,60.7992,32.0689,0.4712,42.1226,46.2734,61.9151,80.11,CatBoost
2026-04-14 15:50:46,Exp10_Weather_WeatherLags_Grid_Gridlags_168h_Price_Pruned,DK1,TARGET_Price_168h,"['Weather', 'WeatherLags', 'Grid', 'GridExchange', 'GridLags', 'GridExchangeLags', 'Time']",SUCCESS,65.7806,36.5759,0.381,48.0426,50.5036,63.135,956.84,RandomForest
2026-04-14 16:06:10,Exp8_Weather_WeatherLags_Grid_Prices_24h_Delta_Pruned,DK1,TARGET_Delta_24h,"['Weather', 'WeatherLags', 'Grid', 'GridExchange', 'Prices', 'Time']",SUCCESS,37.499,21.2671,0.2,92.3106,123.6386,60.0152,50.08,XGBoost
2026-04-14 16:06:10,Exp8_Weather_WeatherLags_Grid_Prices_24h_Delta_Pruned,DK1,TARGET_Delta_24h,"['Weather', 'WeatherLags', 'Grid', 'GridExchange', 'Prices', 'Time']",SUCCESS,37.155,21.1283,0.2146,91.7079,123.7217,60.4319,33.83,LightGBM
2026-04-14 16:06:10,Exp8_Weather_WeatherLags_Grid_Prices_24h_Delta_Pruned,DK1,TARGET_Delta_24h,"['Weather', 'WeatherLags', 'Grid', 'GridExchange', 'Prices', 'Time']",SUCCESS,36.0487,20.2177,0.2607,87.7553,125.144,60.4804,70.29,CatBoost
2026-04-14 16:06:10,Exp8_Weather_WeatherLags_Grid_Prices_24h_Delta_Pruned,DK1,TARGET_Delta_24h,"['Weather', 'WeatherLags', 'Grid', 'GridExchange', 'Prices', 'Time']",SUCCESS,37.2973,21.1617,0.2086,91.8529,126.5805,58.8831,760.09,RandomForest
2026-04-14 16:16:21,Exp4_Weather_WeatherLags_Prices_24h_Delta_Pruned,DK1,TARGET_Delta_24h,"['Weather', 'WeatherLags', 'Prices', 'Time']",SUCCESS,37.4493,21.2235,0.2021,92.1212,124.8821,61.1683,34.69,XGBoost
2026-04-14 16:16:21,Exp4_Weather_WeatherLags_Prices_24h_Delta_Pruned,DK1,TARGET_Delta_24h,"['Weather', 'WeatherLags', 'Prices', 'Time']",SUCCESS,37.3475,21.097,0.2065,91.572,125.1751,61.3989,24.18,LightGBM
2026-04-14 16:16:21,Exp4_Weather_WeatherLags_Prices_24h_Delta_Pruned,DK1,TARGET_Delta_24h,"['Weather', 'WeatherLags', 'Prices', 'Time']",SUCCESS,36.2909,20.3432,0.2507,88.3003,126.9004,61.2063,58.48,CatBoost
2026-04-14 16:16:21,Exp4_Weather_WeatherLags_Prices_24h_Delta_Pruned,DK1,TARGET_Delta_24h,"['Weather', 'WeatherLags', 'Prices', 'Time']",SUCCESS,37.5248,21.258,0.1989,92.2709,127.5688,59.3352,486.7,RandomForest
2026-04-14 16:25:12,Exp2_Weather_WeatherLags_Only_24h_Delta_Pruned,DK1,TARGET_Delta_24h,"['Weather', 'WeatherLags', 'Time']",SUCCESS,39.445,21.6012,0.1148,93.7606,136.9179,53.4362,30.17,XGBoost
2026-04-14 16:25:12,Exp2_Weather_WeatherLags_Only_24h_Delta_Pruned,DK1,TARGET_Delta_24h,"['Weather', 'WeatherLags', 'Time']",SUCCESS,39.456,21.5396,0.1143,93.493,137.6242,52.7287,21.51,LightGBM
2026-04-14 16:25:12,Exp2_Weather_WeatherLags_Only_24h_Delta_Pruned,DK1,TARGET_Delta_24h,"['Weather', 'WeatherLags', 'Time']",SUCCESS,39.2509,21.221,0.1235,92.1104,137.5442,53.2096,56.82,CatBoost
2026-04-14 16:25:12,Exp2_Weather_WeatherLags_Only_24h_Delta_Pruned,DK1,TARGET_Delta_24h,"['Weather', 'WeatherLags', 'Time']",SUCCESS,39.5864,21.6346,0.1085,93.9054,138.0803,51.0463,416.7,RandomForest
2026-04-14 16:40:48,Exp8_Weather_WeatherLags_Grid_Prices_48h_Delta_Pruned,DK1,TARGET_Delta_48h,"['Weather', 'WeatherLags', 'Grid', 'GridExchange', 'Prices', 'Time']",SUCCESS,44.491,25.0378,0.302,84.126,114.1081,62.2401,50.43,XGBoost
2026-04-14 16:40:48,Exp8_Weather_WeatherLags_Grid_Prices_48h_Delta_Pruned,DK1,TARGET_Delta_48h,"['Weather', 'WeatherLags', 'Grid', 'GridExchange', 'Prices', 'Time']",SUCCESS,43.9961,24.8,0.3175,83.3273,114.2127,62.7236,33.69,LightGBM
2026-04-14 16:40:48,Exp8_Weather_WeatherLags_Grid_Prices_48h_Delta_Pruned,DK1,TARGET_Delta_48h,"['Weather', 'WeatherLags', 'Grid', 'GridExchange', 'Prices', 'Time']",SUCCESS,42.9649,23.9865,0.3491,80.5939,115.8797,62.5624,69.72,CatBoost
2026-04-14 16:40:48,Exp8_Weather_WeatherLags_Grid_Prices_48h_Delta_Pruned,DK1,TARGET_Delta_48h,"['Weather', 'WeatherLags', 'Grid', 'GridExchange', 'Prices', 'Time']",SUCCESS,44.9936,25.123,0.2862,84.4125,116.4815,61.0267,772.6,RandomForest
2026-04-14 16:51:00,Exp4_Weather_WeatherLags_Prices_48h_Delta_Pruned,DK1,TARGET_Delta_48h,"['Weather', 'WeatherLags', 'Prices', 'Time']",SUCCESS,44.5964,24.9347,0.2987,83.7799,115.0607,63.5346,34.84,XGBoost
2026-04-14 16:51:00,Exp4_Weather_WeatherLags_Prices_48h_Delta_Pruned,DK1,TARGET_Delta_48h,"['Weather', 'WeatherLags', 'Prices', 'Time']",SUCCESS,44.5236,24.9069,0.301,83.6862,115.6226,63.5844,24.63,LightGBM
2026-04-14 16:51:00,Exp4_Weather_WeatherLags_Prices_48h_Delta_Pruned,DK1,TARGET_Delta_48h,"['Weather', 'WeatherLags', 'Prices', 'Time']",SUCCESS,43.2125,24.132,0.3416,81.0826,116.4914,63.8819,58.58,CatBoost
2026-04-14 16:51:00,Exp4_Weather_WeatherLags_Prices_48h_Delta_Pruned,DK1,TARGET_Delta_48h,"['Weather', 'WeatherLags', 'Prices', 'Time']",SUCCESS,45.2397,25.2322,0.2783,84.7792,117.4366,61.5797,487.09,RandomForest
2026-04-14 16:59:59,Exp2_Weather_WeatherLags_Only_48h_Delta_Pruned,DK1,TARGET_Delta_48h,"['Weather', 'WeatherLags', 'Time']",SUCCESS,49.2694,26.907,0.144,90.4064,129.4755,54.833,30.25,XGBoost
2026-04-14 16:59:59,Exp2_Weather_WeatherLags_Only_48h_Delta_Pruned,DK1,TARGET_Delta_48h,"['Weather', 'WeatherLags', 'Time']",SUCCESS,49.2314,26.8131,0.1454,90.0912,130.1023,53.8529,21.49,LightGBM
2026-04-14 16:59:59,Exp2_Weather_WeatherLags_Only_48h_Delta_Pruned,DK1,TARGET_Delta_48h,"['Weather', 'WeatherLags', 'Time']",SUCCESS,48.8909,26.4078,0.1571,88.7294,129.0661,55.0204,56.62,CatBoost
2026-04-14 16:59:59,Exp2_Weather_WeatherLags_Only_48h_Delta_Pruned,DK1,TARGET_Delta_48h,"['Weather', 'WeatherLags', 'Time']",SUCCESS,49.5214,27.0113,0.1353,90.7571,129.9972,52.561,425.02,RandomForest
2026-04-14 17:15:44,Exp8_Weather_WeatherLags_Grid_Prices_72h_Delta_Pruned,DK1,TARGET_Delta_72h,"['Weather', 'WeatherLags', 'Grid', 'GridExchange', 'Prices', 'Time']",SUCCESS,46.8439,26.2011,0.321,82.3939,113.6294,62.2689,50.39,XGBoost
2026-04-14 17:15:44,Exp8_Weather_WeatherLags_Grid_Prices_72h_Delta_Pruned,DK1,TARGET_Delta_72h,"['Weather', 'WeatherLags', 'Grid', 'GridExchange', 'Prices', 'Time']",SUCCESS,46.6212,26.1479,0.3275,82.2265,113.7603,62.6502,34.3,LightGBM
2026-04-14 17:15:44,Exp8_Weather_WeatherLags_Grid_Prices_72h_Delta_Pruned,DK1,TARGET_Delta_72h,"['Weather', 'WeatherLags', 'Grid', 'GridExchange', 'Prices', 'Time']",SUCCESS,45.7943,25.4148,0.3511,79.9212,114.466,62.6148,70.93,CatBoost
2026-04-14 17:15:44,Exp8_Weather_WeatherLags_Grid_Prices_72h_Delta_Pruned,DK1,TARGET_Delta_72h,"['Weather', 'WeatherLags', 'Grid', 'GridExchange', 'Prices', 'Time']",SUCCESS,48.0203,26.7163,0.2865,84.0141,115.8649,61.0818,779.56,RandomForest
2026-04-14 17:26:02,Exp4_Weather_WeatherLags_Prices_72h_Delta_Pruned,DK1,TARGET_Delta_72h,"['Weather', 'WeatherLags', 'Prices', 'Time']",SUCCESS,47.2241,26.3367,0.31,82.8201,115.1381,63.4351,35.0,XGBoost
2026-04-14 17:26:02,Exp4_Weather_WeatherLags_Prices_72h_Delta_Pruned,DK1,TARGET_Delta_72h,"['Weather', 'WeatherLags', 'Prices', 'Time']",SUCCESS,47.396,26.3602,0.3049,82.8942,115.6064,63.8727,24.71,LightGBM
2026-04-14 17:26:02,Exp4_Weather_WeatherLags_Prices_72h_Delta_Pruned,DK1,TARGET_Delta_72h,"['Weather', 'WeatherLags', 'Prices', 'Time']",SUCCESS,46.0541,25.557,0.3437,80.3683,116.2222,63.6067,58.35,CatBoost
2026-04-14 17:26:02,Exp4_Weather_WeatherLags_Prices_72h_Delta_Pruned,DK1,TARGET_Delta_72h,"['Weather', 'WeatherLags', 'Prices', 'Time']",SUCCESS,47.9389,26.7242,0.2889,84.0389,117.0631,61.8719,493.08,RandomForest
2026-04-14 17:34:58,Exp2_Weather_WeatherLags_Only_72h_Delta_Pruned,DK1,TARGET_Delta_72h,"['Weather', 'WeatherLags', 'Time']",SUCCESS,52.2478,28.4627,0.1554,89.5059,128.8266,54.8199,30.56,XGBoost
2026-04-14 17:34:58,Exp2_Weather_WeatherLags_Only_72h_Delta_Pruned,DK1,TARGET_Delta_72h,"['Weather', 'WeatherLags', 'Time']",SUCCESS,52.2036,28.3921,0.1568,89.2839,129.3471,53.9852,21.77,LightGBM
2026-04-14 17:34:58,Exp2_Weather_WeatherLags_Only_72h_Delta_Pruned,DK1,TARGET_Delta_72h,"['Weather', 'WeatherLags', 'Time']",SUCCESS,52.0317,28.0809,0.1623,88.3051,128.8574,54.9129,56.61,CatBoost
2026-04-14 17:34:58,Exp2_Weather_WeatherLags_Only_72h_Delta_Pruned,DK1,TARGET_Delta_72h,"['Weather', 'WeatherLags', 'Time']",SUCCESS,52.7081,28.7705,0.1404,90.4738,129.3354,51.9464,421.01,RandomForest
2026-04-14 17:50:24,Exp8_Weather_WeatherLags_Grid_Prices_96h_Delta_Pruned,DK1,TARGET_Delta_96h,"['Weather', 'WeatherLags', 'Grid', 'GridExchange', 'Prices', 'Time']",SUCCESS,48.5052,27.2316,0.3227,82.3245,114.0208,62.6843,49.94,XGBoost
2026-04-14 17:50:24,Exp8_Weather_WeatherLags_Grid_Prices_96h_Delta_Pruned,DK1,TARGET_Delta_96h,"['Weather', 'WeatherLags', 'Grid', 'GridExchange', 'Prices', 'Time']",SUCCESS,48.4607,27.153,0.324,82.087,114.1601,63.1966,34.17,LightGBM
2026-04-14 17:50:24,Exp8_Weather_WeatherLags_Grid_Prices_96h_Delta_Pruned,DK1,TARGET_Delta_96h,"['Weather', 'WeatherLags', 'Grid', 'GridExchange', 'Prices', 'Time']",SUCCESS,46.7968,25.9241,0.3696,78.3717,114.2086,63.3682,69.8,CatBoost
2026-04-14 17:50:24,Exp8_Weather_WeatherLags_Grid_Prices_96h_Delta_Pruned,DK1,TARGET_Delta_96h,"['Weather', 'WeatherLags', 'Grid', 'GridExchange', 'Prices', 'Time']",SUCCESS,48.9409,27.2323,0.3105,82.3265,116.6479,60.631,763.07,RandomForest
2026-04-14 18:00:32,Exp4_Weather_WeatherLags_Prices_96h_Delta_Pruned,DK1,TARGET_Delta_96h,"['Weather', 'WeatherLags', 'Prices', 'Time']",SUCCESS,48.5965,27.1472,0.3202,82.0694,115.6995,63.8426,34.58,XGBoost
2026-04-14 18:00:32,Exp4_Weather_WeatherLags_Prices_96h_Delta_Pruned,DK1,TARGET_Delta_96h,"['Weather', 'WeatherLags', 'Prices', 'Time']",SUCCESS,48.8885,27.2278,0.312,82.3128,116.054,63.9212,24.5,LightGBM
2026-04-14 18:00:32,Exp4_Weather_WeatherLags_Prices_96h_Delta_Pruned,DK1,TARGET_Delta_96h,"['Weather', 'WeatherLags', 'Prices', 'Time']",SUCCESS,47.0695,26.1956,0.3622,79.1924,116.1829,64.199,59.04,CatBoost
2026-04-14 18:00:32,Exp4_Weather_WeatherLags_Prices_96h_Delta_Pruned,DK1,TARGET_Delta_96h,"['Weather', 'WeatherLags', 'Prices', 'Time']",SUCCESS,49.3855,27.4276,0.2979,82.9169,117.8143,60.8931,482.38,RandomForest
2026-04-14 18:09:33,Exp2_Weather_WeatherLags_Only_96h_Delta_Pruned,DK1,TARGET_Delta_96h,"['Weather', 'WeatherLags', 'Time']",SUCCESS,54.238,29.5946,0.1532,89.4681,130.0815,54.6692,31.38,XGBoost
2026-04-14 18:09:33,Exp2_Weather_WeatherLags_Only_96h_Delta_Pruned,DK1,TARGET_Delta_96h,"['Weather', 'WeatherLags', 'Time']",SUCCESS,54.3554,29.7012,0.1495,89.7903,131.2196,53.828,26.03,LightGBM
2026-04-14 18:09:33,Exp2_Weather_WeatherLags_Only_96h_Delta_Pruned,DK1,TARGET_Delta_96h,"['Weather', 'WeatherLags', 'Time']",SUCCESS,54.0034,29.2434,0.1605,88.4064,130.4909,54.6234,56.97,CatBoost
2026-04-14 18:09:33,Exp2_Weather_WeatherLags_Only_96h_Delta_Pruned,DK1,TARGET_Delta_96h,"['Weather', 'WeatherLags', 'Time']",SUCCESS,54.5812,29.8837,0.1425,90.3421,132.0238,51.936,420.22,RandomForest
2026-04-14 18:25:10,Exp8_Weather_WeatherLags_Grid_Prices_120h_Delta_Pruned,DK1,TARGET_Delta_120h,"['Weather', 'WeatherLags', 'Grid', 'GridExchange', 'Prices', 'Time']",SUCCESS,49.3941,27.4908,0.303,81.9699,112.8723,62.8546,50.56,XGBoost
2026-04-14 18:25:10,Exp8_Weather_WeatherLags_Grid_Prices_120h_Delta_Pruned,DK1,TARGET_Delta_120h,"['Weather', 'WeatherLags', 'Grid', 'GridExchange', 'Prices', 'Time']",SUCCESS,48.7441,27.2787,0.3212,81.3374,112.9633,63.1009,34.04,LightGBM
2026-04-14 18:25:10,Exp8_Weather_WeatherLags_Grid_Prices_120h_Delta_Pruned,DK1,TARGET_Delta_120h,"['Weather', 'WeatherLags', 'Grid', 'GridExchange', 'Prices', 'Time']",SUCCESS,46.9001,26.2231,0.3716,78.19,114.3147,63.3486,69.79,CatBoost
2026-04-14 18:25:10,Exp8_Weather_WeatherLags_Grid_Prices_120h_Delta_Pruned,DK1,TARGET_Delta_120h,"['Weather', 'WeatherLags', 'Grid', 'GridExchange', 'Prices', 'Time']",SUCCESS,49.5257,27.6324,0.2993,82.3921,115.8421,61.5797,772.88,RandomForest
2026-04-14 18:35:23,Exp4_Weather_WeatherLags_Prices_120h_Delta_Pruned,DK1,TARGET_Delta_120h,"['Weather', 'WeatherLags', 'Prices', 'Time']",SUCCESS,49.5697,27.6218,0.298,82.3605,115.2407,64.0391,34.48,XGBoost
2026-04-14 18:35:23,Exp4_Weather_WeatherLags_Prices_120h_Delta_Pruned,DK1,TARGET_Delta_120h,"['Weather', 'WeatherLags', 'Prices', 'Time']",SUCCESS,49.3023,27.4526,0.3056,81.856,115.2188,64.254,24.63,LightGBM
2026-04-14 18:35:23,Exp4_Weather_WeatherLags_Prices_120h_Delta_Pruned,DK1,TARGET_Delta_120h,"['Weather', 'WeatherLags', 'Prices', 'Time']",SUCCESS,46.9889,26.2485,0.3692,78.2656,115.3949,64.5645,58.7,CatBoost
2026-04-14 18:35:23,Exp4_Weather_WeatherLags_Prices_120h_Delta_Pruned,DK1,TARGET_Delta_120h,"['Weather', 'WeatherLags', 'Prices', 'Time']",SUCCESS,50.2656,27.9021,0.2782,83.1964,117.3785,61.5509,488.71,RandomForest
2026-04-14 18:44:23,Exp2_Weather_WeatherLags_Only_120h_Delta_Pruned,DK1,TARGET_Delta_120h,"['Weather', 'WeatherLags', 'Time']",SUCCESS,54.6537,30.1795,0.1466,89.9869,131.3948,54.5081,33.73,XGBoost
2026-04-14 18:44:23,Exp2_Weather_WeatherLags_Only_120h_Delta_Pruned,DK1,TARGET_Delta_120h,"['Weather', 'WeatherLags', 'Time']",SUCCESS,54.4853,30.1267,0.1519,89.8295,131.7353,53.4022,22.64,LightGBM
2026-04-14 18:44:23,Exp2_Weather_WeatherLags_Only_120h_Delta_Pruned,DK1,TARGET_Delta_120h,"['Weather', 'WeatherLags', 'Time']",SUCCESS,54.24,29.6941,0.1595,88.5396,130.6674,54.6076,57.52,CatBoost
2026-04-14 18:44:23,Exp2_Weather_WeatherLags_Only_120h_Delta_Pruned,DK1,TARGET_Delta_120h,"['Weather', 'WeatherLags', 'Time']",SUCCESS,54.7877,30.281,0.1425,90.2895,132.9372,50.7646,419.68,RandomForest
2026-04-14 18:59:51,Exp8_Weather_WeatherLags_Grid_Prices_144h_Delta_Pruned,DK1,TARGET_Delta_144h,"['Weather', 'WeatherLags', 'Grid', 'GridExchange', 'Prices', 'Time']",SUCCESS,50.0011,27.9599,0.2602,85.7636,118.1385,62.1811,50.2,XGBoost
2026-04-14 18:59:51,Exp8_Weather_WeatherLags_Grid_Prices_144h_Delta_Pruned,DK1,TARGET_Delta_144h,"['Weather', 'WeatherLags', 'Grid', 'GridExchange', 'Prices', 'Time']",SUCCESS,49.578,27.6846,0.2727,84.9193,117.6437,62.662,34.37,LightGBM
2026-04-14 18:59:51,Exp8_Weather_WeatherLags_Grid_Prices_144h_Delta_Pruned,DK1,TARGET_Delta_144h,"['Weather', 'WeatherLags', 'Grid', 'GridExchange', 'Prices', 'Time']",SUCCESS,47.1716,26.4306,0.3416,81.0726,118.6591,62.9686,70.38,CatBoost
2026-04-14 18:59:51,Exp8_Weather_WeatherLags_Grid_Prices_144h_Delta_Pruned,DK1,TARGET_Delta_144h,"['Weather', 'WeatherLags', 'Grid', 'GridExchange', 'Prices', 'Time']",SUCCESS,49.9559,27.7527,0.2615,85.128,120.6393,61.6033,763.46,RandomForest
2026-04-14 19:09:59,Exp4_Weather_WeatherLags_Prices_144h_Delta_Pruned,DK1,TARGET_Delta_144h,"['Weather', 'WeatherLags', 'Prices', 'Time']",SUCCESS,49.8608,27.648,0.2643,84.8069,118.9511,63.2922,34.5,XGBoost
2026-04-14 19:09:59,Exp4_Weather_WeatherLags_Prices_144h_Delta_Pruned,DK1,TARGET_Delta_144h,"['Weather', 'WeatherLags', 'Prices', 'Time']",SUCCESS,49.6389,27.596,0.2709,84.6474,118.8673,63.4468,24.52,LightGBM
2026-04-14 19:09:59,Exp4_Weather_WeatherLags_Prices_144h_Delta_Pruned,DK1,TARGET_Delta_144h,"['Weather', 'WeatherLags', 'Prices', 'Time']",SUCCESS,47.3742,26.3685,0.3359,80.8821,120.1726,63.9985,59.26,CatBoost
2026-04-14 19:09:59,Exp4_Weather_WeatherLags_Prices_144h_Delta_Pruned,DK1,TARGET_Delta_144h,"['Weather', 'WeatherLags', 'Prices', 'Time']",SUCCESS,50.3317,27.7921,0.2504,85.249,121.975,61.7657,482.22,RandomForest
2026-04-14 19:18:43,Exp2_Weather_WeatherLags_Only_144h_Delta_Pruned,DK1,TARGET_Delta_144h,"['Weather', 'WeatherLags', 'Time']",SUCCESS,54.2407,29.9971,0.1294,92.0126,136.0619,53.013,30.01,XGBoost
2026-04-14 19:18:43,Exp2_Weather_WeatherLags_Only_144h_Delta_Pruned,DK1,TARGET_Delta_144h,"['Weather', 'WeatherLags', 'Time']",SUCCESS,54.3739,30.0457,0.1251,92.1615,136.5855,51.725,21.27,LightGBM
2026-04-14 19:18:43,Exp2_Weather_WeatherLags_Only_144h_Delta_Pruned,DK1,TARGET_Delta_144h,"['Weather', 'WeatherLags', 'Time']",SUCCESS,53.9235,29.5041,0.1396,90.5004,136.4427,52.5164,56.12,CatBoost
2026-04-14 19:18:43,Exp2_Weather_WeatherLags_Only_144h_Delta_Pruned,DK1,TARGET_Delta_144h,"['Weather', 'WeatherLags', 'Time']",SUCCESS,54.6389,30.2396,0.1166,92.7562,139.1096,48.3117,410.89,RandomForest
2026-04-14 19:34:03,Exp8_Weather_WeatherLags_Grid_Prices_168h_Delta_Pruned,DK1,TARGET_Delta_168h,"['Weather', 'WeatherLags', 'Grid', 'GridExchange', 'Prices', 'Time']",SUCCESS,50.3625,28.1493,0.2034,90.7015,124.6712,60.3664,50.48,XGBoost
2026-04-14 19:34:03,Exp8_Weather_WeatherLags_Grid_Prices_168h_Delta_Pruned,DK1,TARGET_Delta_168h,"['Weather', 'WeatherLags', 'Grid', 'GridExchange', 'Prices', 'Time']",SUCCESS,51.0752,28.2818,0.1807,91.1284,125.0353,60.6061,34.21,LightGBM
2026-04-14 19:34:03,Exp8_Weather_WeatherLags_Grid_Prices_168h_Delta_Pruned,DK1,TARGET_Delta_168h,"['Weather', 'WeatherLags', 'Grid', 'GridExchange', 'Prices', 'Time']",SUCCESS,47.9141,26.396,0.279,85.0521,126.1389,58.4664,69.88,CatBoost
2026-04-14 19:34:03,Exp8_Weather_WeatherLags_Grid_Prices_168h_Delta_Pruned,DK1,TARGET_Delta_168h,"['Weather', 'WeatherLags', 'Grid', 'GridExchange', 'Prices', 'Time']",SUCCESS,50.9027,28.2029,0.1863,90.8743,128.4144,59.2447,755.15,RandomForest
2026-04-14 19:44:10,Exp4_Weather_WeatherLags_Prices_168h_Delta_Pruned,DK1,TARGET_Delta_168h,"['Weather', 'WeatherLags', 'Prices', 'Time']",SUCCESS,50.7556,28.0416,0.1909,90.3545,125.7683,61.5718,34.83,XGBoost
2026-04-14 19:44:10,Exp4_Weather_WeatherLags_Prices_168h_Delta_Pruned,DK1,TARGET_Delta_168h,"['Weather', 'WeatherLags', 'Prices', 'Time']",SUCCESS,50.4607,27.7451,0.2003,89.3989,125.2877,61.8313,24.25,LightGBM
2026-04-14 19:44:10,Exp4_Weather_WeatherLags_Prices_168h_Delta_Pruned,DK1,TARGET_Delta_168h,"['Weather', 'WeatherLags', 'Prices', 'Time']",SUCCESS,47.6836,26.3361,0.2859,84.8589,127.2726,59.8632,58.26,CatBoost
2026-04-14 19:44:10,Exp4_Weather_WeatherLags_Prices_168h_Delta_Pruned,DK1,TARGET_Delta_168h,"['Weather', 'WeatherLags', 'Prices', 'Time']",SUCCESS,50.9561,27.9869,0.1845,90.1782,128.7794,59.7178,483.27,RandomForest
2026-04-14 19:52:49,Exp2_Weather_WeatherLags_Only_168h_Delta_Pruned,DK1,TARGET_Delta_168h,"['Weather', 'WeatherLags', 'Time']",SUCCESS,54.1374,29.6565,0.0795,95.5579,140.5942,51.2376,29.76,XGBoost
2026-04-14 19:52:49,Exp2_Weather_WeatherLags_Only_168h_Delta_Pruned,DK1,TARGET_Delta_168h,"['Weather', 'WeatherLags', 'Time']",SUCCESS,53.6197,29.3957,0.0971,94.7175,141.0277,49.6298,21.26,LightGBM
2026-04-14 19:52:49,Exp2_Weather_WeatherLags_Only_168h_Delta_Pruned,DK1,TARGET_Delta_168h,"['Weather', 'WeatherLags', 'Time']",SUCCESS,52.9837,28.7778,0.1184,92.7265,142.3803,47.7587,56.72,CatBoost
2026-04-14 19:52:49,Exp2_Weather_WeatherLags_Only_168h_Delta_Pruned,DK1,TARGET_Delta_168h,"['Weather', 'WeatherLags', 'Time']",SUCCESS,53.9132,29.5108,0.0872,95.0883,142.0575,49.5905,404.95,RandomForest
2026-04-14 21:21:07,Exp6_Weather_WeatherLags_Grid_0h_Price_Pruned,DK1,TARGET_Price_0h,"['Weather', 'WeatherLags', 'Grid', 'GridExchange', 'Time']",SUCCESS,63.9688,32.784,0.4148,43.1228,43.1113,64.5907,1086.42,LSTM
2026-04-14 21:21:07,Exp6_Weather_WeatherLags_Grid_0h_Price_Pruned,DK1,TARGET_Price_0h,"['Weather', 'WeatherLags', 'Grid', 'GridExchange', 'Time']",SUCCESS,1729.6031,72.8973,-426.8341,95.8861,39.1449,67.6673,1028.43,GRU
2026-04-14 21:21:07,Exp6_Weather_WeatherLags_Grid_0h_Price_Pruned,DK1,TARGET_Price_0h,"['Weather', 'WeatherLags', 'Grid', 'GridExchange', 'Time']",SUCCESS,55.6857,26.1229,0.5565,34.361,38.0768,69.1912,2416.45,Transformer
2026-04-14 21:21:07,Exp6_Weather_WeatherLags_Grid_0h_Price_Pruned,DK1,TARGET_Price_0h,"['Weather', 'WeatherLags', 'Grid', 'GridExchange', 'Time']",SUCCESS,53.084,25.1744,0.597,33.1134,36.4431,71.8995,758.16,AutoGluon
2026-04-14 22:41:36,Exp3_Weather_Prices_0h_Price_Pruned,DK1,TARGET_Price_0h,"['Weather', 'Prices', 'Time']",SUCCESS,33.5472,19.0346,0.839,25.0374,33.789,73.8112,915.08,LSTM
2026-04-14 22:41:36,Exp3_Weather_Prices_0h_Price_Pruned,DK1,TARGET_Price_0h,"['Weather', 'Prices', 'Time']",SUCCESS,33.8421,18.981,0.8362,24.9668,33.5386,73.4103,892.32,GRU
2026-04-14 22:41:36,Exp3_Weather_Prices_0h_Price_Pruned,DK1,TARGET_Price_0h,"['Weather', 'Prices', 'Time']",SUCCESS,36.3213,19.9006,0.8113,26.1764,34.3322,74.1663,2231.64,Transformer
2026-04-14 22:41:36,Exp3_Weather_Prices_0h_Price_Pruned,DK1,TARGET_Price_0h,"['Weather', 'Prices', 'Time']",SUCCESS,39.6575,20.7923,0.7751,27.3494,34.5607,72.9844,785.85,AutoGluon
2026-04-15 00:10:14,Exp7_Weather_Grid_Prices_0h_Price_Pruned,DK1,TARGET_Price_0h,"['Weather', 'Grid', 'GridExchange', 'Prices', 'Time']",SUCCESS,2579.5812,67.5209,-950.6579,88.8142,31.7552,70.4949,1093.92,LSTM
2026-04-15 00:10:14,Exp7_Weather_Grid_Prices_0h_Price_Pruned,DK1,TARGET_Price_0h,"['Weather', 'Grid', 'GridExchange', 'Prices', 'Time']",SUCCESS,1704.1243,41.2526,-414.3221,54.262,30.8934,71.1867,1082.51,GRU
2026-04-15 00:10:14,Exp7_Weather_Grid_Prices_0h_Price_Pruned,DK1,TARGET_Price_0h,"['Weather', 'Grid', 'GridExchange', 'Prices', 'Time']",SUCCESS,34.4424,17.6535,0.8303,23.2207,31.2757,72.5691,2372.09,Transformer
2026-04-15 00:10:14,Exp7_Weather_Grid_Prices_0h_Price_Pruned,DK1,TARGET_Price_0h,"['Weather', 'Grid', 'GridExchange', 'Prices', 'Time']",SUCCESS,35.7634,17.3638,0.8171,22.8396,29.5254,73.8492,760.81,AutoGluon
2026-04-15 01:36:50,Exp6_Weather_WeatherLags_Grid_24h_Price_Pruned,DK1,TARGET_Price_24h,"['Weather', 'WeatherLags', 'Grid', 'GridExchange', 'Time']",SUCCESS,75.9898,42.1357,0.1742,55.4193,52.53,60.863,1060.71,LSTM
2026-04-15 01:36:50,Exp6_Weather_WeatherLags_Grid_24h_Price_Pruned,DK1,TARGET_Price_24h,"['Weather', 'WeatherLags', 'Grid', 'GridExchange', 'Time']",SUCCESS,903.9624,60.3497,-115.8583,79.3754,48.4464,63.6866,1022.42,GRU
2026-04-15 01:36:50,Exp6_Weather_WeatherLags_Grid_24h_Price_Pruned,DK1,TARGET_Price_24h,"['Weather', 'WeatherLags', 'Grid', 'GridExchange', 'Time']",SUCCESS,61.69,33.8911,0.4558,44.5755,48.9055,64.7925,2353.46,Transformer
2026-04-15 01:36:50,Exp6_Weather_WeatherLags_Grid_24h_Price_Pruned,DK1,TARGET_Price_24h,"['Weather', 'WeatherLags', 'Grid', 'GridExchange', 'Time']",SUCCESS,61.3268,33.1187,0.4622,43.5595,46.9431,69.7611,751.53,AutoGluon
2026-04-15 02:54:22,Exp3_Weather_Prices_24h_Price_Pruned,DK1,TARGET_Price_24h,"['Weather', 'Prices', 'Time']",SUCCESS,40.8034,23.3332,0.7619,30.6892,38.5297,70.2826,932.63,LSTM
2026-04-15 02:54:22,Exp3_Weather_Prices_24h_Price_Pruned,DK1,TARGET_Price_24h,"['Weather', 'Prices', 'Time']",SUCCESS,40.1316,23.1076,0.7697,30.3924,38.0205,71.2496,912.56,GRU
2026-04-15 02:54:22,Exp3_Weather_Prices_24h_Price_Pruned,DK1,TARGET_Price_24h,"['Weather', 'Prices', 'Time']",SUCCESS,42.0918,23.2154,0.7466,30.5342,38.3196,72.9818,2019.49,Transformer
2026-04-15 02:54:22,Exp3_Weather_Prices_24h_Price_Pruned,DK1,TARGET_Price_24h,"['Weather', 'Prices', 'Time']",SUCCESS,44.5433,24.5427,0.7163,32.2799,39.0696,70.8854,781.89,AutoGluon
2026-04-15 04:13:16,Exp7_Weather_Grid_Prices_24h_Price_Pruned,DK1,TARGET_Price_24h,"['Weather', 'Grid', 'GridExchange', 'Prices', 'Time']",SUCCESS,1247.4399,56.7238,-221.5348,74.6063,39.7768,66.9938,903.21,LSTM
2026-04-15 04:13:16,Exp7_Weather_Grid_Prices_24h_Price_Pruned,DK1,TARGET_Price_24h,"['Weather', 'Grid', 'GridExchange', 'Prices', 'Time']",SUCCESS,14482.9376,427.6284,-29995.6023,562.441,40.299,66.8287,924.07,GRU
2026-04-15 04:13:17,Exp7_Weather_Grid_Prices_24h_Price_Pruned,DK1,TARGET_Price_24h,"['Weather', 'Grid', 'GridExchange', 'Prices', 'Time']",SUCCESS,42.7756,24.634,0.7383,32.4001,40.7074,68.236,2141.29,Transformer
2026-04-15 04:13:17,Exp7_Weather_Grid_Prices_24h_Price_Pruned,DK1,TARGET_Price_24h,"['Weather', 'Grid', 'GridExchange', 'Prices', 'Time']",SUCCESS,44.5831,24.6876,0.7158,32.4705,39.0121,71.0518,758.33,AutoGluon
2026-04-15 05:37:38,Exp6_Weather_WeatherLags_Grid_48h_Price_Pruned,DK1,TARGET_Price_48h,"['Weather', 'WeatherLags', 'Grid', 'GridExchange', 'Time']",SUCCESS,77.5883,42.8698,0.1391,56.368,52.8707,58.8766,994.41,LSTM
2026-04-15 05:37:38,Exp6_Weather_WeatherLags_Grid_48h_Price_Pruned,DK1,TARGET_Price_48h,"['Weather', 'WeatherLags', 'Grid', 'GridExchange', 'Time']",SUCCESS,1931.5237,86.039,-532.5429,113.1299,49.6318,63.0249,947.36,GRU
2026-04-15 05:37:38,Exp6_Weather_WeatherLags_Grid_48h_Price_Pruned,DK1,TARGET_Price_48h,"['Weather', 'WeatherLags', 'Grid', 'GridExchange', 'Time']",SUCCESS,64.9631,35.6833,0.3965,46.9188,50.7567,64.0863,2360.57,Transformer
2026-04-15 05:37:38,Exp6_Weather_WeatherLags_Grid_48h_Price_Pruned,DK1,TARGET_Price_48h,"['Weather', 'WeatherLags', 'Grid', 'GridExchange', 'Time']",SUCCESS,62.7922,34.352,0.4361,45.1683,48.3208,69.9865,751.07,AutoGluon
2026-04-15 06:55:19,Exp3_Weather_Prices_48h_Price_Pruned,DK1,TARGET_Price_48h,"['Weather', 'Prices', 'Time']",SUCCESS,47.6928,27.0341,0.6747,35.5463,41.6964,69.634,876.61,LSTM
2026-04-15 06:55:19,Exp3_Weather_Prices_48h_Price_Pruned,DK1,TARGET_Price_48h,"['Weather', 'Prices', 'Time']",SUCCESS,47.2778,26.6773,0.6803,35.0771,40.9965,69.6982,907.65,GRU
2026-04-15 06:55:19,Exp3_Weather_Prices_48h_Price_Pruned,DK1,TARGET_Price_48h,"['Weather', 'Prices', 'Time']",SUCCESS,49.134,27.3033,0.6547,35.9002,41.9259,70.5067,2088.42,Transformer
2026-04-15 06:55:19,Exp3_Weather_Prices_48h_Price_Pruned,DK1,TARGET_Price_48h,"['Weather', 'Prices', 'Time']",SUCCESS,50.5504,27.8802,0.6346,36.6587,42.3348,70.7006,782.67,AutoGluon
2026-04-15 08:13:42,Exp7_Weather_Grid_Prices_48h_Price_Pruned,DK1,TARGET_Price_48h,"['Weather', 'Grid', 'GridExchange', 'Prices', 'Time']",SUCCESS,4014.5585,146.9217,-2303.8616,193.1825,42.7982,66.0976,880.32,LSTM
2026-04-15 08:13:42,Exp7_Weather_Grid_Prices_48h_Price_Pruned,DK1,TARGET_Price_48h,"['Weather', 'Grid', 'GridExchange', 'Prices', 'Time']",SUCCESS,7842.8629,168.6081,-8795.6745,221.6972,42.6222,65.9993,925.78,GRU
2026-04-15 08:13:42,Exp7_Weather_Grid_Prices_48h_Price_Pruned,DK1,TARGET_Price_48h,"['Weather', 'Grid', 'GridExchange', 'Prices', 'Time']",SUCCESS,50.3835,28.6349,0.637,37.651,44.0773,66.0832,2131.46,Transformer
2026-04-15 08:13:42,Exp7_Weather_Grid_Prices_48h_Price_Pruned,DK1,TARGET_Price_48h,"['Weather', 'Grid', 'GridExchange', 'Prices', 'Time']",SUCCESS,50.2441,27.8522,0.639,36.622,42.2889,70.9365,757.38,AutoGluon
2026-04-15 09:36:11,Exp6_Weather_WeatherLags_Grid_72h_Price_Pruned,DK1,TARGET_Price_72h,"['Weather', 'WeatherLags', 'Grid', 'GridExchange', 'Time']",SUCCESS,76.0667,42.7242,0.1725,56.1655,53.3074,58.3262,984.29,LSTM
2026-04-15 09:36:12,Exp6_Weather_WeatherLags_Grid_72h_Price_Pruned,DK1,TARGET_Price_72h,"['Weather', 'WeatherLags', 'Grid', 'GridExchange', 'Time']",SUCCESS,195.7346,42.4534,-4.4793,55.8095,50.308,63.6879,945.72,GRU
2026-04-15 09:36:12,Exp6_Weather_WeatherLags_Grid_72h_Price_Pruned,DK1,TARGET_Price_72h,"['Weather', 'WeatherLags', 'Grid', 'GridExchange', 'Time']",SUCCESS,66.8096,36.6047,0.3616,48.1208,51.5357,64.2356,2260.94,Transformer
2026-04-15 09:36:12,Exp6_Weather_WeatherLags_Grid_72h_Price_Pruned,DK1,TARGET_Price_72h,"['Weather', 'WeatherLags', 'Grid', 'GridExchange', 'Time']",SUCCESS,62.5657,34.5471,0.4402,45.4158,48.7662,70.0638,750.68,AutoGluon
2026-04-15 10:50:24,Exp3_Weather_Prices_72h_Price_Pruned,DK1,TARGET_Price_72h,"['Weather', 'Prices', 'Time']",SUCCESS,50.1773,28.3655,0.6399,37.2894,42.6598,69.0811,900.81,LSTM
2026-04-15 10:50:24,Exp3_Weather_Prices_72h_Price_Pruned,DK1,TARGET_Price_72h,"['Weather', 'Prices', 'Time']",SUCCESS,48.3267,27.6208,0.666,36.3105,41.7815,69.4571,874.38,GRU
2026-04-15 10:50:24,Exp3_Weather_Prices_72h_Price_Pruned,DK1,TARGET_Price_72h,"['Weather', 'Prices', 'Time']",SUCCESS,50.4815,28.3842,0.6355,37.3141,43.07,70.8788,1894.16,Transformer
2026-04-15 10:50:24,Exp3_Weather_Prices_72h_Price_Pruned,DK1,TARGET_Price_72h,"['Weather', 'Prices', 'Time']",SUCCESS,52.121,28.8586,0.6115,37.9378,43.3069,70.2997,778.45,AutoGluon
2026-04-15 12:06:53,Exp7_Weather_Grid_Prices_72h_Price_Pruned,DK1,TARGET_Price_72h,"['Weather', 'Grid', 'GridExchange', 'Prices', 'Time']",SUCCESS,4417.4486,166.7566,-2789.8177,219.2193,43.7723,64.9,862.07,LSTM
2026-04-15 12:06:53,Exp7_Weather_Grid_Prices_72h_Price_Pruned,DK1,TARGET_Price_72h,"['Weather', 'Grid', 'GridExchange', 'Prices', 'Time']",SUCCESS,7985.9423,174.4011,-9119.9649,229.2688,44.0779,65.3952,941.41,GRU
2026-04-15 12:06:53,Exp7_Weather_Grid_Prices_72h_Price_Pruned,DK1,TARGET_Price_72h,"['Weather', 'Grid', 'GridExchange', 'Prices', 'Time']",SUCCESS,50.5982,29.0492,0.6339,38.1882,43.5183,66.847,2021.61,Transformer
2026-04-15 12:06:53,Exp7_Weather_Grid_Prices_72h_Price_Pruned,DK1,TARGET_Price_72h,"['Weather', 'Grid', 'GridExchange', 'Prices', 'Time']",SUCCESS,51.0535,28.4546,0.6272,37.4067,42.7447,70.3573,755.54,AutoGluon
2026-04-15 13:31:04,Exp6_Weather_WeatherLags_Grid_96h_Price_Pruned,DK1,TARGET_Price_96h,"['Weather', 'WeatherLags', 'Grid', 'GridExchange', 'Time']",SUCCESS,77.4086,43.4521,0.143,57.11,53.3237,57.9947,1002.3,LSTM
2026-04-15 13:31:04,Exp6_Weather_WeatherLags_Grid_96h_Price_Pruned,DK1,TARGET_Price_96h,"['Weather', 'WeatherLags', 'Grid', 'GridExchange', 'Time']",SUCCESS,3392.0469,142.5304,-1644.64,187.3305,50.6318,63.0918,989.42,GRU
2026-04-15 13:31:04,Exp6_Weather_WeatherLags_Grid_96h_Price_Pruned,DK1,TARGET_Price_96h,"['Weather', 'WeatherLags', 'Grid', 'GridExchange', 'Time']",SUCCESS,66.6938,36.5965,0.3638,48.0996,51.3299,63.4298,2301.76,Transformer
2026-04-15 13:31:04,Exp6_Weather_WeatherLags_Grid_96h_Price_Pruned,DK1,TARGET_Price_96h,"['Weather', 'WeatherLags', 'Grid', 'GridExchange', 'Time']",SUCCESS,63.7925,35.2237,0.418,46.2953,48.9885,69.8673,749.2,AutoGluon
2026-04-15 14:45:57,Exp3_Weather_Prices_96h_Price_Pruned,DK1,TARGET_Price_96h,"['Weather', 'Prices', 'Time']",SUCCESS,50.9879,28.8026,0.6282,37.8558,43.1805,68.4862,928.04,LSTM
2026-04-15 14:45:57,Exp3_Weather_Prices_96h_Price_Pruned,DK1,TARGET_Price_96h,"['Weather', 'Prices', 'Time']",SUCCESS,50.5919,28.6602,0.6339,37.6687,42.5492,69.9157,813.2,GRU
2026-04-15 14:45:57,Exp3_Weather_Prices_96h_Price_Pruned,DK1,TARGET_Price_96h,"['Weather', 'Prices', 'Time']",SUCCESS,51.1633,28.5812,0.6256,37.5648,43.2023,70.4307,1969.49,Transformer
2026-04-15 14:45:57,Exp3_Weather_Prices_96h_Price_Pruned,DK1,TARGET_Price_96h,"['Weather', 'Prices', 'Time']",SUCCESS,53.8736,29.6315,0.5849,38.9453,43.9907,70.4438,776.95,AutoGluon
2026-04-15 16:06:39,Exp7_Weather_Grid_Prices_96h_Price_Pruned,DK1,TARGET_Price_96h,"['Weather', 'Grid', 'GridExchange', 'Prices', 'Time']",SUCCESS,2396.6766,97.3631,-820.5425,127.9663,44.5575,64.4374,925.94,LSTM
2026-04-15 16:06:39,Exp7_Weather_Grid_Prices_96h_Price_Pruned,DK1,TARGET_Price_96h,"['Weather', 'Grid', 'GridExchange', 'Prices', 'Time']",SUCCESS,8246.8259,212.5995,-9726.1317,279.4237,44.5976,65.2302,983.74,GRU
2026-04-15 16:06:39,Exp7_Weather_Grid_Prices_96h_Price_Pruned,DK1,TARGET_Price_96h,"['Weather', 'Grid', 'GridExchange', 'Prices', 'Time']",SUCCESS,53.9262,30.2984,0.5841,39.8218,44.6075,65.6521,2167.69,Transformer
2026-04-15 16:06:39,Exp7_Weather_Grid_Prices_96h_Price_Pruned,DK1,TARGET_Price_96h,"['Weather', 'Grid', 'GridExchange', 'Prices', 'Time']",SUCCESS,52.4309,29.2792,0.6068,38.4822,43.5261,70.5473,756.76,AutoGluon
2026-04-15 17:27:21,Exp6_Weather_WeatherLags_Grid_120h_Price_Pruned,DK1,TARGET_Price_120h,"['Weather', 'WeatherLags', 'Grid', 'GridExchange', 'Time']",SUCCESS,75.9229,41.9894,0.1755,55.1785,52.8459,58.6119,1035.03,LSTM
2026-04-15 17:27:21,Exp6_Weather_WeatherLags_Grid_120h_Price_Pruned,DK1,TARGET_Price_120h,"['Weather', 'WeatherLags', 'Grid', 'GridExchange', 'Time']",SUCCESS,15152.9157,539.1477,-32840.5041,708.4971,51.4432,62.9057,954.92,GRU
2026-04-15 17:27:21,Exp6_Weather_WeatherLags_Grid_120h_Price_Pruned,DK1,TARGET_Price_120h,"['Weather', 'WeatherLags', 'Grid', 'GridExchange', 'Time']",SUCCESS,67.5563,36.6535,0.3472,48.1666,50.8214,63.553,2094.29,Transformer
2026-04-15 17:27:21,Exp6_Weather_WeatherLags_Grid_120h_Price_Pruned,DK1,TARGET_Price_120h,"['Weather', 'WeatherLags', 'Grid', 'GridExchange', 'Time']",SUCCESS,64.0016,35.4044,0.4141,46.5251,49.2876,69.8529,748.73,AutoGluon
2026-04-15 18:44:52,Exp3_Weather_Prices_120h_Price_Pruned,DK1,TARGET_Price_120h,"['Weather', 'Prices', 'Time']",SUCCESS,52.0748,29.2985,0.6121,38.5014,43.1302,68.9723,941.81,LSTM
2026-04-15 18:44:52,Exp3_Weather_Prices_120h_Price_Pruned,DK1,TARGET_Price_120h,"['Weather', 'Prices', 'Time']",SUCCESS,50.4076,28.6422,0.6366,37.6389,42.3976,69.3746,816.15,GRU
2026-04-15 18:44:52,Exp3_Weather_Prices_120h_Price_Pruned,DK1,TARGET_Price_120h,"['Weather', 'Prices', 'Time']",SUCCESS,51.971,29.1985,0.6137,38.3699,43.7787,70.6901,2111.29,Transformer
2026-04-15 18:44:52,Exp3_Weather_Prices_120h_Price_Pruned,DK1,TARGET_Price_120h,"['Weather', 'Prices', 'Time']",SUCCESS,53.7495,29.8512,0.5868,39.2276,44.2866,70.2761,776.71,AutoGluon
2026-04-15 20:04:39,Exp7_Weather_Grid_Prices_120h_Price_Pruned,DK1,TARGET_Price_120h,"['Weather', 'Grid', 'GridExchange', 'Prices', 'Time']",SUCCESS,2240.9417,65.8091,-717.2767,86.48,44.293,64.5619,952.35,LSTM
2026-04-15 20:04:39,Exp7_Weather_Grid_Prices_120h_Price_Pruned,DK1,TARGET_Price_120h,"['Weather', 'Grid', 'GridExchange', 'Prices', 'Time']",SUCCESS,453.5924,44.4652,-28.4281,58.432,43.8365,65.4699,937.98,GRU
2026-04-15 20:04:40,Exp7_Weather_Grid_Prices_120h_Price_Pruned,DK1,TARGET_Price_120h,"['Weather', 'Grid', 'GridExchange', 'Prices', 'Time']",SUCCESS,53.0333,30.1121,0.5977,39.5705,44.7738,66.0923,2132.92,Transformer
2026-04-15 20:04:40,Exp7_Weather_Grid_Prices_120h_Price_Pruned,DK1,TARGET_Price_120h,"['Weather', 'Grid', 'GridExchange', 'Prices', 'Time']",SUCCESS,52.9931,29.478,0.5983,38.7373,43.5976,70.6141,755.69,AutoGluon
2026-04-15 21:28:04,Exp6_Weather_WeatherLags_Grid_144h_Price_Pruned,DK1,TARGET_Price_144h,"['Weather', 'WeatherLags', 'Grid', 'GridExchange', 'Time']",SUCCESS,75.9004,41.9008,0.176,55.0488,52.9949,59.9562,1054.84,LSTM
2026-04-15 21:28:04,Exp6_Weather_WeatherLags_Grid_144h_Price_Pruned,DK1,TARGET_Price_144h,"['Weather', 'WeatherLags', 'Grid', 'GridExchange', 'Time']",SUCCESS,14927.4871,416.5376,-31872.6048,547.2425,51.542,63.1822,943.24,GRU
2026-04-15 21:28:04,Exp6_Weather_WeatherLags_Grid_144h_Price_Pruned,DK1,TARGET_Price_144h,"['Weather', 'WeatherLags', 'Grid', 'GridExchange', 'Time']",SUCCESS,69.1538,37.6765,0.3159,49.499,51.3199,63.3918,2250.46,Transformer
2026-04-15 21:28:04,Exp6_Weather_WeatherLags_Grid_144h_Price_Pruned,DK1,TARGET_Price_144h,"['Weather', 'WeatherLags', 'Grid', 'GridExchange', 'Time']",SUCCESS,64.2823,35.7251,0.4089,46.9352,49.1879,69.8122,747.52,AutoGluon
2026-04-15 22:47:57,Exp3_Weather_Prices_144h_Price_Pruned,DK1,TARGET_Price_144h,"['Weather', 'Prices', 'Time']",SUCCESS,53.1495,29.5304,0.5959,38.7968,43.0367,69.0627,863.1,LSTM
2026-04-15 22:47:57,Exp3_Weather_Prices_144h_Price_Pruned,DK1,TARGET_Price_144h,"['Weather', 'Prices', 'Time']",SUCCESS,53.2705,29.5467,0.5941,38.8181,42.8777,69.1794,940.34,GRU
2026-04-15 22:47:57,Exp3_Weather_Prices_144h_Price_Pruned,DK1,TARGET_Price_144h,"['Weather', 'Prices', 'Time']",SUCCESS,52.9007,29.467,0.5997,38.7134,43.9315,70.4634,2210.61,Transformer
2026-04-15 22:47:57,Exp3_Weather_Prices_144h_Price_Pruned,DK1,TARGET_Price_144h,"['Weather', 'Prices', 'Time']",SUCCESS,54.5054,30.1814,0.5751,39.652,44.3843,70.1333,773.96,AutoGluon
2026-04-16 00:09:36,Exp7_Weather_Grid_Prices_144h_Price_Pruned,DK1,TARGET_Price_144h,"['Weather', 'Grid', 'GridExchange', 'Prices', 'Time']",SUCCESS,5465.9651,179.1865,-4272.5766,235.4132,44.7323,65.0336,895.11,LSTM
2026-04-16 00:09:36,Exp7_Weather_Grid_Prices_144h_Price_Pruned,DK1,TARGET_Price_144h,"['Weather', 'Grid', 'GridExchange', 'Prices', 'Time']",SUCCESS,1853.1696,66.4357,-490.2337,87.2825,43.9935,65.9403,934.09,GRU
2026-04-16 00:09:36,Exp7_Weather_Grid_Prices_144h_Price_Pruned,DK1,TARGET_Price_144h,"['Weather', 'Grid', 'GridExchange', 'Prices', 'Time']",SUCCESS,53.833,29.8922,0.5855,39.272,44.7571,66.4802,2308.58,Transformer
2026-04-16 00:09:36,Exp7_Weather_Grid_Prices_144h_Price_Pruned,DK1,TARGET_Price_144h,"['Weather', 'Grid', 'GridExchange', 'Prices', 'Time']",SUCCESS,54.1613,30.0466,0.5804,39.4749,43.8861,70.5591,752.58,AutoGluon
2026-04-16 01:34:53,Exp6_Weather_WeatherLags_Grid_168h_Price_Pruned,DK1,TARGET_Price_168h,"['Weather', 'WeatherLags', 'Grid', 'GridExchange', 'Time']",SUCCESS,79.7851,43.8819,0.0894,57.639,53.0576,61.5902,1026.74,LSTM
2026-04-16 01:34:53,Exp6_Weather_WeatherLags_Grid_168h_Price_Pruned,DK1,TARGET_Price_168h,"['Weather', 'WeatherLags', 'Grid', 'GridExchange', 'Time']",SUCCESS,2361.8095,94.2537,-796.915,123.8026,50.7938,63.4993,1044.04,GRU
2026-04-16 01:34:53,Exp6_Weather_WeatherLags_Grid_168h_Price_Pruned,DK1,TARGET_Price_168h,"['Weather', 'WeatherLags', 'Grid', 'GridExchange', 'Time']",SUCCESS,66.4754,36.7728,0.3679,48.3012,51.4754,65.1594,2292.85,Transformer
2026-04-16 01:34:54,Exp6_Weather_WeatherLags_Grid_168h_Price_Pruned,DK1,TARGET_Price_168h,"['Weather', 'WeatherLags', 'Grid', 'GridExchange', 'Time']",SUCCESS,63.9973,35.8389,0.4141,47.0746,49.4568,69.4978,745.51,AutoGluon
2026-04-16 02:53:30,Exp3_Weather_Prices_168h_Price_Pruned,DK1,TARGET_Price_168h,"['Weather', 'Prices', 'Time']",SUCCESS,52.7149,29.2461,0.6025,38.4149,42.7389,69.0156,929.48,LSTM
2026-04-16 02:53:30,Exp3_Weather_Prices_168h_Price_Pruned,DK1,TARGET_Price_168h,"['Weather', 'Prices', 'Time']",SUCCESS,53.2427,29.4733,0.5945,38.7133,42.4385,70.0455,908.08,GRU
2026-04-16 02:53:30,Exp3_Weather_Prices_168h_Price_Pruned,DK1,TARGET_Price_168h,"['Weather', 'Prices', 'Time']",SUCCESS,51.7111,28.7793,0.6175,37.8017,43.2316,70.4123,2099.33,Transformer
2026-04-16 02:53:30,Exp3_Weather_Prices_168h_Price_Pruned,DK1,TARGET_Price_168h,"['Weather', 'Prices', 'Time']",SUCCESS,55.3237,30.455,0.5622,40.0028,44.5076,70.2682,774.38,AutoGluon
2026-04-16 04:12:56,Exp7_Weather_Grid_Prices_168h_Price_Pruned,DK1,TARGET_Price_168h,"['Weather', 'Grid', 'GridExchange', 'Prices', 'Time']",SUCCESS,4472.1705,143.0105,-2859.9059,187.845,44.7932,65.466,845.11,LSTM
2026-04-16 04:12:56,Exp7_Weather_Grid_Prices_168h_Price_Pruned,DK1,TARGET_Price_168h,"['Weather', 'Grid', 'GridExchange', 'Prices', 'Time']",SUCCESS,4669.2968,181.6108,-3117.6728,238.5466,44.4707,65.9783,916.76,GRU
2026-04-16 04:12:56,Exp7_Weather_Grid_Prices_168h_Price_Pruned,DK1,TARGET_Price_168h,"['Weather', 'Grid', 'GridExchange', 'Prices', 'Time']",SUCCESS,53.9297,29.7771,0.584,39.1123,44.3192,67.3109,2243.49,Transformer
2026-04-16 04:12:56,Exp7_Weather_Grid_Prices_168h_Price_Pruned,DK1,TARGET_Price_168h,"['Weather', 'Grid', 'GridExchange', 'Prices', 'Time']",SUCCESS,54.6529,30.3727,0.5727,39.8946,44.2954,70.4713,752.08,AutoGluon
2026-04-16 05:31:51,Exp9_Weather_Grid_Gridlags_24h_Delta_Pruned,DK1,TARGET_Delta_24h,"['Weather', 'Grid', 'GridExchange', 'GridLags', 'GridExchangeLags', 'Time']",SUCCESS,2949.2613,117.6085,-4947.4282,510.4825,135.8299,52.7942,851.91,LSTM
2026-04-16 05:31:51,Exp9_Weather_Grid_Gridlags_24h_Delta_Pruned,DK1,TARGET_Delta_24h,"['Weather', 'Grid', 'GridExchange', 'GridLags', 'GridExchangeLags', 'Time']",SUCCESS,753.5524,44.0135,-322.0484,191.0416,134.5049,51.9726,917.13,GRU
2026-04-16 05:31:51,Exp9_Weather_Grid_Gridlags_24h_Delta_Pruned,DK1,TARGET_Delta_24h,"['Weather', 'Grid', 'GridExchange', 'GridLags', 'GridExchangeLags', 'Time']",SUCCESS,41.2399,23.6717,0.0324,102.7477,132.9948,53.1978,2209.69,Transformer
2026-04-16 05:31:51,Exp9_Weather_Grid_Gridlags_24h_Delta_Pruned,DK1,TARGET_Delta_24h,"['Weather', 'Grid', 'GridExchange', 'GridLags', 'GridExchangeLags', 'Time']",SUCCESS,38.1175,22.1356,0.1734,96.0801,125.6372,54.9064,745.88,AutoGluon
2026-04-16 06:49:58,Exp1_Weather_Only_24h_Delta_Pruned,DK1,TARGET_Delta_24h,"['Weather', 'Time']",SUCCESS,39.6782,21.9173,0.1043,95.1326,140.2488,53.7271,873.52,LSTM
2026-04-16 06:49:58,Exp1_Weather_Only_24h_Delta_Pruned,DK1,TARGET_Delta_24h,"['Weather', 'Time']",SUCCESS,39.9551,22.0056,0.0918,95.5159,140.9685,52.6514,956.56,GRU
2026-04-16 06:49:58,Exp1_Weather_Only_24h_Delta_Pruned,DK1,TARGET_Delta_24h,"['Weather', 'Time']",SUCCESS,39.596,21.6303,0.108,93.8867,137.7971,53.9315,2062.5,Transformer
2026-04-16 06:49:58,Exp1_Weather_Only_24h_Delta_Pruned,DK1,TARGET_Delta_24h,"['Weather', 'Time']",SUCCESS,39.6118,22.082,0.1073,95.8476,136.6001,53.9866,789.75,AutoGluon
2026-04-16 08:11:59,Exp13_Total_Information_24h_Delta_Pruned,DK1,TARGET_Delta_24h,['All_Features'],SUCCESS,931.8512,52.6664,-493.008,228.5998,129.3378,58.7953,954.89,LSTM
2026-04-16 08:11:59,Exp13_Total_Information_24h_Delta_Pruned,DK1,TARGET_Delta_24h,['All_Features'],SUCCESS,40.1845,23.1731,0.0813,100.5836,130.6528,58.701,887.24,GRU
2026-04-16 08:11:59,Exp13_Total_Information_24h_Delta_Pruned,DK1,TARGET_Delta_24h,['All_Features'],SUCCESS,39.9993,23.2767,0.0898,101.0333,128.0071,59.4531,2327.36,Transformer
2026-04-16 08:11:59,Exp13_Total_Information_24h_Delta_Pruned,DK1,TARGET_Delta_24h,['All_Features'],SUCCESS,37.2099,21.525,0.2123,93.43,122.3614,62.2414,739.12,AutoGluon
2026-04-16 09:32:26,Exp9_Weather_Grid_Gridlags_48h_Delta_Pruned,DK1,TARGET_Delta_48h,"['Weather', 'Grid', 'GridExchange', 'GridLags', 'GridExchangeLags', 'Time']",SUCCESS,1403.5784,67.7874,-693.6644,227.7634,124.5902,54.0403,976.15,LSTM
2026-04-16 09:32:26,Exp9_Weather_Grid_Gridlags_48h_Delta_Pruned,DK1,TARGET_Delta_48h,"['Weather', 'Grid', 'GridExchange', 'GridLags', 'GridExchangeLags', 'Time']",SUCCESS,1658.8116,82.073,-969.2771,275.7624,125.1808,53.6629,973.2,GRU
2026-04-16 09:32:26,Exp9_Weather_Grid_Gridlags_48h_Delta_Pruned,DK1,TARGET_Delta_48h,"['Weather', 'Grid', 'GridExchange', 'GridLags', 'GridExchangeLags', 'Time']",SUCCESS,49.3821,28.3246,0.1401,95.1697,124.6401,53.8634,2123.25,Transformer
2026-04-16 09:32:26,Exp9_Weather_Grid_Gridlags_48h_Delta_Pruned,DK1,TARGET_Delta_48h,"['Weather', 'Grid', 'GridExchange', 'GridLags', 'GridExchangeLags', 'Time']",SUCCESS,46.047,26.4199,0.2523,88.77,117.7532,56.6255,744.19,AutoGluon
2026-04-16 10:55:07,Exp1_Weather_Only_48h_Delta_Pruned,DK1,TARGET_Delta_48h,"['Weather', 'Time']",SUCCESS,50.2188,27.5962,0.1107,92.7223,133.7109,54.8448,931.52,LSTM
2026-04-16 10:55:07,Exp1_Weather_Only_48h_Delta_Pruned,DK1,TARGET_Delta_48h,"['Weather', 'Time']",SUCCESS,49.7849,27.3955,0.126,92.0479,134.0241,54.2958,1002.01,GRU
2026-04-16 10:55:07,Exp1_Weather_Only_48h_Delta_Pruned,DK1,TARGET_Delta_48h,"['Weather', 'Time']",SUCCESS,49.4064,26.9998,0.1393,90.7185,131.7068,55.4436,2242.59,Transformer
2026-04-16 10:55:07,Exp1_Weather_Only_48h_Delta_Pruned,DK1,TARGET_Delta_48h,"['Weather', 'Time']",SUCCESS,49.5933,27.4382,0.1327,92.1913,130.5953,55.9323,780.9,AutoGluon
2026-04-16 12:18:54,Exp13_Total_Information_48h_Delta_Pruned,DK1,TARGET_Delta_48h,['All_Features'],SUCCESS,646.0945,45.0425,-146.1953,151.3413,119.5532,60.6572,972.59,LSTM
2026-04-16 12:18:54,Exp13_Total_Information_48h_Delta_Pruned,DK1,TARGET_Delta_48h,['All_Features'],SUCCESS,47.9091,26.704,0.1906,89.7244,119.6286,61.3098,930.61,GRU
2026-04-16 12:18:54,Exp13_Total_Information_48h_Delta_Pruned,DK1,TARGET_Delta_48h,['All_Features'],SUCCESS,48.494,27.5825,0.1708,92.6762,119.8507,61.5535,2377.07,Transformer
2026-04-16 12:18:54,Exp13_Total_Information_48h_Delta_Pruned,DK1,TARGET_Delta_48h,['All_Features'],SUCCESS,44.026,25.1672,0.3165,84.5609,114.574,64.6091,733.8,AutoGluon
2026-04-16 13:40:12,Exp9_Weather_Grid_Gridlags_72h_Delta_Pruned,DK1,TARGET_Delta_72h,"['Weather', 'Grid', 'GridExchange', 'GridLags', 'GridExchangeLags', 'Time']",SUCCESS,872.181,54.9605,-234.3688,172.8328,122.6683,54.1988,1014.21,LSTM
2026-04-16 13:40:12,Exp9_Weather_Grid_Gridlags_72h_Delta_Pruned,DK1,TARGET_Delta_72h,"['Weather', 'Grid', 'GridExchange', 'GridLags', 'GridExchangeLags', 'Time']",SUCCESS,790.6477,50.6443,-192.4201,159.2596,124.2229,53.49,936.1,GRU
2026-04-16 13:40:12,Exp9_Weather_Grid_Gridlags_72h_Delta_Pruned,DK1,TARGET_Delta_72h,"['Weather', 'Grid', 'GridExchange', 'GridLags', 'GridExchangeLags', 'Time']",SUCCESS,50.4199,29.0658,0.2134,91.4024,122.7926,54.2617,2174.27,Transformer
2026-04-16 13:40:12,Exp9_Weather_Grid_Gridlags_72h_Delta_Pruned,DK1,TARGET_Delta_72h,"['Weather', 'Grid', 'GridExchange', 'GridLags', 'GridExchangeLags', 'Time']",SUCCESS,48.6902,27.7958,0.2665,87.4085,117.0862,57.0723,743.09,AutoGluon
2026-04-16 15:00:00,Exp1_Weather_Only_72h_Delta_Pruned,DK1,TARGET_Delta_72h,"['Weather', 'Time']",SUCCESS,52.8947,29.067,0.1343,91.4062,132.4244,55.0138,918.27,LSTM
2026-04-16 15:00:00,Exp1_Weather_Only_72h_Delta_Pruned,DK1,TARGET_Delta_72h,"['Weather', 'Time']",SUCCESS,53.0046,28.979,0.1307,91.1295,133.4479,54.926,962.46,GRU
2026-04-16 15:00:00,Exp1_Weather_Only_72h_Delta_Pruned,DK1,TARGET_Delta_72h,"['Weather', 'Time']",SUCCESS,52.0885,28.5928,0.1605,89.915,130.5631,55.4056,2121.76,Transformer
2026-04-16 15:00:00,Exp1_Weather_Only_72h_Delta_Pruned,DK1,TARGET_Delta_72h,"['Weather', 'Time']",SUCCESS,52.411,28.928,0.1501,90.969,129.1866,55.8996,781.0,AutoGluon
2026-04-16 16:24:12,Exp13_Total_Information_72h_Delta_Pruned,DK1,TARGET_Delta_72h,['All_Features'],SUCCESS,571.1191,37.7696,-99.9227,118.773,118.645,61.1342,1062.02,LSTM
2026-04-16 16:24:12,Exp13_Total_Information_72h_Delta_Pruned,DK1,TARGET_Delta_72h,['All_Features'],SUCCESS,50.7929,29.0375,0.2017,91.3132,121.2232,61.3792,929.8,GRU
2026-04-16 16:24:12,Exp13_Total_Information_72h_Delta_Pruned,DK1,TARGET_Delta_72h,['All_Features'],SUCCESS,49.1025,28.3984,0.254,89.3037,118.372,61.619,2315.91,Transformer
2026-04-16 16:24:12,Exp13_Total_Information_72h_Delta_Pruned,DK1,TARGET_Delta_72h,['All_Features'],SUCCESS,46.0792,26.2807,0.343,82.6442,113.6996,64.5501,732.87,AutoGluon
2026-04-16 17:44:25,Exp9_Weather_Grid_Gridlags_96h_Delta_Pruned,DK1,TARGET_Delta_96h,"['Weather', 'Grid', 'GridExchange', 'GridLags', 'GridExchangeLags', 'Time']",SUCCESS,913.5871,60.3888,-239.2553,182.5627,124.0381,53.4166,921.05,LSTM
2026-04-16 17:44:25,Exp9_Weather_Grid_Gridlags_96h_Delta_Pruned,DK1,TARGET_Delta_96h,"['Weather', 'Grid', 'GridExchange', 'GridLags', 'GridExchangeLags', 'Time']",SUCCESS,891.4539,46.4912,-227.7551,140.5487,122.9323,53.7979,924.73,GRU
2026-04-16 17:44:25,Exp9_Weather_Grid_Gridlags_96h_Delta_Pruned,DK1,TARGET_Delta_96h,"['Weather', 'Grid', 'GridExchange', 'GridLags', 'GridExchangeLags', 'Time']",SUCCESS,52.3548,30.1626,0.211,91.1854,123.475,54.2879,2213.42,Transformer
2026-04-16 17:44:25,Exp9_Weather_Grid_Gridlags_96h_Delta_Pruned,DK1,TARGET_Delta_96h,"['Weather', 'Grid', 'GridExchange', 'GridLags', 'GridExchangeLags', 'Time']",SUCCESS,50.5554,28.6307,0.2643,86.5541,117.4363,56.6674,742.97,AutoGluon
2026-04-16 19:07:36,Exp1_Weather_Only_96h_Delta_Pruned,DK1,TARGET_Delta_96h,"['Weather', 'Time']",SUCCESS,55.1322,30.3643,0.125,91.795,134.3906,54.6469,1082.23,LSTM
2026-04-16 19:07:36,Exp1_Weather_Only_96h_Delta_Pruned,DK1,TARGET_Delta_96h,"['Weather', 'Time']",SUCCESS,55.1588,30.5198,0.1242,92.2651,135.0615,54.6535,927.36,GRU
2026-04-16 19:07:36,Exp1_Weather_Only_96h_Delta_Pruned,DK1,TARGET_Delta_96h,"['Weather', 'Time']",SUCCESS,54.8331,30.2848,0.1345,91.5548,133.3152,54.8002,2187.0,Transformer
2026-04-16 19:07:36,Exp1_Weather_Only_96h_Delta_Pruned,DK1,TARGET_Delta_96h,"['Weather', 'Time']",SUCCESS,54.5234,30.2523,0.1443,91.4563,131.0032,56.0503,789.48,AutoGluon
2026-04-16 20:52:56,Exp13_Total_Information_96h_Delta_Pruned,DK1,TARGET_Delta_96h,['All_Features'],SUCCESS,622.2092,50.381,-110.4412,152.3081,117.1888,61.4146,1637.37,LSTM
2026-04-16 20:52:56,Exp13_Total_Information_96h_Delta_Pruned,DK1,TARGET_Delta_96h,['All_Features'],SUCCESS,51.5792,29.1263,0.2342,88.0523,120.1753,62.3017,1421.45,GRU
2026-04-16 20:52:56,Exp13_Total_Information_96h_Delta_Pruned,DK1,TARGET_Delta_96h,['All_Features'],SUCCESS,51.0032,29.2094,0.2512,88.3037,117.5496,62.2519,2508.44,Transformer
2026-04-16 20:52:56,Exp13_Total_Information_96h_Delta_Pruned,DK1,TARGET_Delta_96h,['All_Features'],SUCCESS,48.0712,27.1953,0.3348,82.2147,113.9148,64.9511,737.94,AutoGluon
2026-04-16 22:12:22,Exp9_Weather_Grid_Gridlags_120h_Delta_Pruned,DK1,TARGET_Delta_120h,"['Weather', 'Grid', 'GridExchange', 'GridLags', 'GridExchangeLags', 'Time']",SUCCESS,1221.5228,64.3123,-425.2811,191.7615,123.4086,54.3914,906.96,LSTM
2026-04-16 22:12:22,Exp9_Weather_Grid_Gridlags_120h_Delta_Pruned,DK1,TARGET_Delta_120h,"['Weather', 'Grid', 'GridExchange', 'GridLags', 'GridExchangeLags', 'Time']",SUCCESS,1086.2807,60.34,-336.1142,179.9169,124.1326,54.153,958.64,GRU
2026-04-16 22:12:22,Exp9_Weather_Grid_Gridlags_120h_Delta_Pruned,DK1,TARGET_Delta_120h,"['Weather', 'Grid', 'GridExchange', 'GridLags', 'GridExchangeLags', 'Time']",SUCCESS,53.2878,30.7562,0.1888,91.7063,122.5074,54.339,2148.38,Transformer
2026-04-16 22:12:22,Exp9_Weather_Grid_Gridlags_120h_Delta_Pruned,DK1,TARGET_Delta_120h,"['Weather', 'Grid', 'GridExchange', 'GridLags', 'GridExchangeLags', 'Time']",SUCCESS,50.871,29.0516,0.2607,86.6239,117.0841,56.7251,741.6,AutoGluon
2026-04-16 23:31:24,Exp1_Weather_Only_120h_Delta_Pruned,DK1,TARGET_Delta_120h,"['Weather', 'Time']",SUCCESS,55.4347,30.9327,0.1221,92.2328,134.1453,54.2578,877.84,LSTM
2026-04-16 23:31:24,Exp1_Weather_Only_120h_Delta_Pruned,DK1,TARGET_Delta_120h,"['Weather', 'Time']",SUCCESS,55.2764,30.9007,0.1271,92.1374,133.8434,54.2565,971.27,GRU
2026-04-16 23:31:24,Exp1_Weather_Only_120h_Delta_Pruned,DK1,TARGET_Delta_120h,"['Weather', 'Time']",SUCCESS,54.6039,30.4607,0.1482,90.8254,131.5671,54.3351,2112.84,Transformer
2026-04-16 23:31:24,Exp1_Weather_Only_120h_Delta_Pruned,DK1,TARGET_Delta_120h,"['Weather', 'Time']",SUCCESS,55.2081,30.9575,0.1292,92.3065,131.3705,55.6441,776.21,AutoGluon
2026-04-17 00:52:27,Exp13_Total_Information_120h_Delta_Pruned,DK1,TARGET_Delta_120h,['All_Features'],SUCCESS,479.9207,44.803,-64.8009,133.5899,117.0207,62.3069,881.71,LSTM
2026-04-17 00:52:27,Exp13_Total_Information_120h_Delta_Pruned,DK1,TARGET_Delta_120h,['All_Features'],SUCCESS,50.7139,28.9726,0.2652,86.3883,118.9262,62.5742,916.45,GRU
2026-04-17 00:52:27,Exp13_Total_Information_120h_Delta_Pruned,DK1,TARGET_Delta_120h,['All_Features'],SUCCESS,51.7049,29.6844,0.2362,88.5105,117.4011,62.4366,2322.1,Transformer
2026-04-17 00:52:27,Exp13_Total_Information_120h_Delta_Pruned,DK1,TARGET_Delta_120h,['All_Features'],SUCCESS,49.3383,27.7598,0.3046,82.7721,112.9905,64.9838,731.25,AutoGluon
2026-04-17 02:13:36,Exp9_Weather_Grid_Gridlags_144h_Delta_Pruned,DK1,TARGET_Delta_144h,"['Weather', 'Grid', 'GridExchange', 'GridLags', 'GridExchangeLags', 'Time']",SUCCESS,2260.0562,99.8129,-1510.4617,306.1641,130.0869,52.785,971.0,LSTM
2026-04-17 02:13:36,Exp9_Weather_Grid_Gridlags_144h_Delta_Pruned,DK1,TARGET_Delta_144h,"['Weather', 'Grid', 'GridExchange', 'GridLags', 'GridExchangeLags', 'Time']",SUCCESS,1706.7876,75.8787,-861.0207,232.7488,128.7672,53.0536,949.11,GRU
2026-04-17 02:13:36,Exp9_Weather_Grid_Gridlags_144h_Delta_Pruned,DK1,TARGET_Delta_144h,"['Weather', 'Grid', 'GridExchange', 'GridLags', 'GridExchangeLags', 'Time']",SUCCESS,55.3614,31.8781,0.0931,97.7823,126.673,53.5004,2197.71,Transformer
2026-04-17 02:13:36,Exp9_Weather_Grid_Gridlags_144h_Delta_Pruned,DK1,TARGET_Delta_144h,"['Weather', 'Grid', 'GridExchange', 'GridLags', 'GridExchangeLags', 'Time']",SUCCESS,51.8599,29.5445,0.2042,90.6243,122.2751,55.5694,740.63,AutoGluon
2026-04-17 03:30:54,Exp1_Weather_Only_144h_Delta_Pruned,DK1,TARGET_Delta_144h,"['Weather', 'Time']",SUCCESS,55.2184,30.8443,0.0978,94.6112,139.9619,53.2751,846.43,LSTM
2026-04-17 03:30:54,Exp1_Weather_Only_144h_Delta_Pruned,DK1,TARGET_Delta_144h,"['Weather', 'Time']",SUCCESS,54.7395,30.5072,0.1133,93.5771,138.4898,53.2842,931.41,GRU
2026-04-17 03:30:54,Exp1_Weather_Only_144h_Delta_Pruned,DK1,TARGET_Delta_144h,"['Weather', 'Time']",SUCCESS,54.3815,30.2128,0.1249,92.6742,137.3882,53.1702,2081.26,Transformer
2026-04-17 03:30:54,Exp1_Weather_Only_144h_Delta_Pruned,DK1,TARGET_Delta_144h,"['Weather', 'Time']",SUCCESS,54.8923,30.7258,0.1084,94.2476,136.2823,53.8961,774.78,AutoGluon
2026-04-17 04:52:36,Exp13_Total_Information_144h_Delta_Pruned,DK1,TARGET_Delta_144h,['All_Features'],SUCCESS,749.8029,43.4721,-165.3615,133.3454,121.4774,61.4172,1007.69,LSTM
2026-04-17 04:52:36,Exp13_Total_Information_144h_Delta_Pruned,DK1,TARGET_Delta_144h,['All_Features'],SUCCESS,50.8661,29.0796,0.2344,89.1982,120.5683,62.2217,914.92,GRU
2026-04-17 04:52:36,Exp13_Total_Information_144h_Delta_Pruned,DK1,TARGET_Delta_144h,['All_Features'],SUCCESS,52.9414,29.9535,0.1706,91.8787,120.2066,62.4602,2237.83,Transformer
2026-04-17 04:52:36,Exp13_Total_Information_144h_Delta_Pruned,DK1,TARGET_Delta_144h,['All_Features'],SUCCESS,50.4537,28.222,0.2467,86.5676,117.2979,63.7875,730.62,AutoGluon
2026-04-17 06:11:42,Exp9_Weather_Grid_Gridlags_168h_Delta_Pruned,DK1,TARGET_Delta_168h,"['Weather', 'Grid', 'GridExchange', 'GridLags', 'GridExchangeLags', 'Time']",SUCCESS,1890.4912,85.0385,-1121.4253,274.0072,134.3817,52.4129,1001.62,LSTM
2026-04-17 06:11:42,Exp9_Weather_Grid_Gridlags_168h_Delta_Pruned,DK1,TARGET_Delta_168h,"['Weather', 'Grid', 'GridExchange', 'GridLags', 'GridExchangeLags', 'Time']",SUCCESS,1321.0391,74.7729,-547.0744,240.9299,134.7795,51.8783,915.96,GRU
2026-04-17 06:11:42,Exp9_Weather_Grid_Gridlags_168h_Delta_Pruned,DK1,TARGET_Delta_168h,"['Weather', 'Grid', 'GridExchange', 'GridLags', 'GridExchangeLags', 'Time']",SUCCESS,55.6153,31.1435,0.0286,100.3493,131.9972,52.8794,2071.59,Transformer
2026-04-17 06:11:42,Exp9_Weather_Grid_Gridlags_168h_Delta_Pruned,DK1,TARGET_Delta_168h,"['Weather', 'Grid', 'GridExchange', 'GridLags', 'GridExchangeLags', 'Time']",SUCCESS,52.6981,29.8053,0.1278,96.0374,128.3127,53.6773,746.49,AutoGluon
2026-04-17 07:30:54,Exp1_Weather_Only_168h_Delta_Pruned,DK1,TARGET_Delta_168h,"['Weather', 'Time']",SUCCESS,54.3349,30.2777,0.0728,97.5594,143.3608,51.6149,945.52,LSTM
2026-04-17 07:30:54,Exp1_Weather_Only_168h_Delta_Pruned,DK1,TARGET_Delta_168h,"['Weather', 'Time']",SUCCESS,54.4763,30.183,0.068,97.2544,144.5118,51.7263,916.41,GRU
2026-04-17 07:30:54,Exp1_Weather_Only_168h_Delta_Pruned,DK1,TARGET_Delta_168h,"['Weather', 'Time']",SUCCESS,53.7139,29.503,0.0939,95.0632,140.179,52.0604,2107.01,Transformer
2026-04-17 07:30:54,Exp1_Weather_Only_168h_Delta_Pruned,DK1,TARGET_Delta_168h,"['Weather', 'Time']",SUCCESS,54.3882,30.2979,0.071,97.6247,140.5218,52.3867,778.6,AutoGluon
2026-04-17 08:49:22,Exp13_Total_Information_168h_Delta_Pruned,DK1,TARGET_Delta_168h,['All_Features'],SUCCESS,361.9589,36.3087,-40.1459,116.9921,127.4301,59.9274,914.87,LSTM
2026-04-17 08:49:22,Exp13_Total_Information_168h_Delta_Pruned,DK1,TARGET_Delta_168h,['All_Features'],SUCCESS,53.2579,29.99,0.1092,96.6324,127.3035,60.1043,894.52,GRU
2026-04-17 08:49:22,Exp13_Total_Information_168h_Delta_Pruned,DK1,TARGET_Delta_168h,['All_Features'],SUCCESS,52.5498,29.5339,0.1327,95.1629,126.6113,60.7332,2150.59,Transformer
2026-04-17 08:49:22,Exp13_Total_Information_168h_Delta_Pruned,DK1,TARGET_Delta_168h,['All_Features'],SUCCESS,51.1355,28.5157,0.1788,91.882,123.8712,61.9269,736.99,AutoGluon
2026-04-17 10:50:15,Exp10_Weather_WeatherLags_Grid_Gridlags_0h_Price,DK1,TARGET_Price_0h,"['Weather', 'WeatherLags', 'Grid', 'GridExchange', 'GridLags', 'GridExchangeLags', 'Time']",SUCCESS,1245.495,63.0773,-220.8536,82.9692,38.8301,67.5153,1040.82,GRU
2026-04-17 10:50:15,Exp10_Weather_WeatherLags_Grid_Gridlags_0h_Price,DK1,TARGET_Price_0h,"['Weather', 'WeatherLags', 'Grid', 'GridExchange', 'GridLags', 'GridExchangeLags', 'Time']",SUCCESS,50.2868,23.8671,0.6383,31.3938,35.4183,72.2402,742.05,AutoGluon
2026-04-17 11:18:53,Exp10_Weather_WeatherLags_Grid_Gridlags_48h_Price,DK1,TARGET_Price_48h,"['Weather', 'WeatherLags', 'Grid', 'GridExchange', 'GridLags', 'GridExchangeLags', 'Time']",SUCCESS,3295.3225,136.0561,-1551.9774,178.8956,49.3073,62.645,972.07,GRU
2026-04-17 11:18:53,Exp10_Weather_WeatherLags_Grid_Gridlags_48h_Price,DK1,TARGET_Price_48h,"['Weather', 'WeatherLags', 'Grid', 'GridExchange', 'GridLags', 'GridExchangeLags', 'Time']",SUCCESS,60.6638,33.2249,0.4737,43.6863,47.2164,69.9826,738.61,AutoGluon
2026-04-17 11:48:50,Exp10_Weather_WeatherLags_Grid_Gridlags_72h_Price,DK1,TARGET_Price_72h,"['Weather', 'WeatherLags', 'Grid', 'GridExchange', 'GridLags', 'GridExchangeLags', 'Time']",SUCCESS,9386.456,221.1588,-12599.6152,290.7369,50.4286,61.9544,1051.35,GRU
2026-04-17 11:48:50,Exp10_Weather_WeatherLags_Grid_Gridlags_72h_Price,DK1,TARGET_Price_72h,"['Weather', 'WeatherLags', 'Grid', 'GridExchange', 'GridLags', 'GridExchangeLags', 'Time']",SUCCESS,61.5538,33.814,0.4581,44.4521,47.5744,69.9302,738.18,AutoGluon
2026-04-17 12:16:53,Exp10_Weather_WeatherLags_Grid_Gridlags_96h_Price,DK1,TARGET_Price_96h,"['Weather', 'WeatherLags', 'Grid', 'GridExchange', 'GridLags', 'GridExchangeLags', 'Time']",SUCCESS,13563.9159,465.0909,-26312.6636,611.2781,50.5367,61.7448,937.43,GRU
2026-04-17 12:16:53,Exp10_Weather_WeatherLags_Grid_Gridlags_96h_Price,DK1,TARGET_Price_96h,"['Weather', 'WeatherLags', 'Grid', 'GridExchange', 'GridLags', 'GridExchangeLags', 'Time']",SUCCESS,63.0602,34.1596,0.4313,44.8967,47.7543,70.0062,738.2,AutoGluon
2026-04-17 12:45:03,Exp10_Weather_WeatherLags_Grid_Gridlags_120h_Price,DK1,TARGET_Price_120h,"['Weather', 'WeatherLags', 'Grid', 'GridExchange', 'GridLags', 'GridExchangeLags', 'Time']",SUCCESS,8225.148,262.5887,-9675.4947,345.0693,50.3769,62.6777,944.23,GRU
2026-04-17 12:45:03,Exp10_Weather_WeatherLags_Grid_Gridlags_120h_Price,DK1,TARGET_Price_120h,"['Weather', 'WeatherLags', 'Grid', 'GridExchange', 'GridLags', 'GridExchangeLags', 'Time']",SUCCESS,63.7445,34.6456,0.4188,45.528,48.2735,69.9053,737.81,AutoGluon
2026-04-17 13:14:20,Exp10_Weather_WeatherLags_Grid_Gridlags_144h_Price,DK1,TARGET_Price_144h,"['Weather', 'WeatherLags', 'Grid', 'GridExchange', 'GridLags', 'GridExchangeLags', 'Time']",SUCCESS,5629.2509,210.2703,-4531.7209,276.2509,50.1195,62.109,1007.91,GRU
2026-04-17 13:14:20,Exp10_Weather_WeatherLags_Grid_Gridlags_144h_Price,DK1,TARGET_Price_144h,"['Weather', 'WeatherLags', 'Grid', 'GridExchange', 'GridLags', 'GridExchangeLags', 'Time']",SUCCESS,64.0469,35.0933,0.4132,46.1053,48.2231,69.5345,741.96,AutoGluon
2026-04-17 13:42:05,Exp10_Weather_WeatherLags_Grid_Gridlags_168h_Price,DK1,TARGET_Price_168h,"['Weather', 'WeatherLags', 'Grid', 'GridExchange', 'GridLags', 'GridExchangeLags', 'Time']",SUCCESS,6151.5992,207.1745,-5412.0612,272.1247,50.2822,63.0446,917.63,GRU
2026-04-17 13:42:05,Exp10_Weather_WeatherLags_Grid_Gridlags_168h_Price,DK1,TARGET_Price_168h,"['Weather', 'WeatherLags', 'Grid', 'GridExchange', 'GridLags', 'GridExchangeLags', 'Time']",SUCCESS,62.8391,34.9009,0.4352,45.8425,48.4124,69.6275,739.36,AutoGluon
2026-04-17 13:58:56,Exp12_Weather_WeatherLags_Grid_Gridlags_Prices_0h_Price,DK1,TARGET_Price_0h,"['Weather', 'WeatherLags', 'Grid', 'GridExchange', 'GridLags', 'GridExchangeLags', 'Prices', 'Time']",SUCCESS,7324.0494,181.9249,-7670.5831,239.2965,30.2196,71.192,1007.14,GRU
2026-04-17 14:14:13,Exp12_Weather_WeatherLags_Grid_Gridlags_Prices_48h_Price,DK1,TARGET_Price_48h,"['Weather', 'WeatherLags', 'Grid', 'GridExchange', 'GridLags', 'GridExchangeLags', 'Prices', 'Time']",SUCCESS,6547.223,217.7958,-6129.3257,286.3725,42.8259,65.1542,912.33,GRU
2026-04-17 14:29:08,Exp12_Weather_WeatherLags_Grid_Gridlags_Prices_72h_Price,DK1,TARGET_Price_72h,"['Weather', 'WeatherLags', 'Grid', 'GridExchange', 'GridLags', 'GridExchangeLags', 'Prices', 'Time']",SUCCESS,4558.7862,168.2084,-2971.2607,221.1279,44.404,64.5842,891.38,GRU
2026-04-17 14:43:47,Exp12_Weather_WeatherLags_Grid_Gridlags_Prices_96h_Price,DK1,TARGET_Price_96h,"['Weather', 'WeatherLags', 'Grid', 'GridExchange', 'GridLags', 'GridExchangeLags', 'Prices', 'Time']",SUCCESS,9041.1679,293.156,-11690.2301,385.3007,44.5265,64.7126,874.24,GRU
2026-04-17 15:20:07,Exp12_Weather_WeatherLags_Grid_Gridlags_Prices_120h_Delta,DK1,TARGET_Delta_120h,"['Weather', 'WeatherLags', 'Grid', 'GridExchange', 'GridLags', 'GridExchangeLags', 'Prices', 'Time']",SUCCESS,52.0334,29.5023,0.2265,87.9676,116.296,62.4799,2176.14,Transformer
2026-04-17 15:34:59,Exp12_Weather_WeatherLags_Grid_Gridlags_Prices_120h_Price,DK1,TARGET_Price_120h,"['Weather', 'WeatherLags', 'Grid', 'GridExchange', 'GridLags', 'GridExchangeLags', 'Prices', 'Time']",SUCCESS,7825.0828,265.1921,-8757.072,348.4904,44.8166,64.7322,888.11,GRU
2026-04-17 16:16:00,Exp12_Weather_WeatherLags_Grid_Gridlags_Prices_144h_Delta,DK1,TARGET_Delta_144h,"['Weather', 'WeatherLags', 'Grid', 'GridExchange', 'GridLags', 'GridExchangeLags', 'Prices', 'Time']",SUCCESS,52.78,29.4949,0.1757,90.4721,119.6732,62.3488,2456.58,Transformer
2026-04-17 16:31:31,Exp12_Weather_WeatherLags_Grid_Gridlags_Prices_144h_Price,DK1,TARGET_Price_144h,"['Weather', 'WeatherLags', 'Grid', 'GridExchange', 'GridLags', 'GridExchangeLags', 'Prices', 'Time']",SUCCESS,3756.6034,154.0088,-2017.5917,202.335,44.7496,65.2026,927.3,GRU
2026-04-17 17:11:57,Exp12_Weather_WeatherLags_Grid_Gridlags_Prices_168h_Delta,DK1,TARGET_Delta_168h,"['Weather', 'WeatherLags', 'Grid', 'GridExchange', 'GridLags', 'GridExchangeLags', 'Prices', 'Time']",SUCCESS,54.0375,30.0643,0.0829,96.872,126.2582,60.8669,2421.56,Transformer
2026-04-17 17:28:09,Exp12_Weather_WeatherLags_Grid_Gridlags_Prices_168h_Price,DK1,TARGET_Price_168h,"['Weather', 'WeatherLags', 'Grid', 'GridExchange', 'GridLags', 'GridExchangeLags', 'Prices', 'Time']",SUCCESS,7894.8994,265.6756,-8914.7949,348.9662,45.1326,65.293,967.62,GRU
2026-04-17 17:57:28,Exp13_Total_Information_0h_Price,DK1,TARGET_Price_0h,['All_Features'],SUCCESS,1346.6495,60.4758,-258.3532,79.5473,30.5885,70.6941,1014.42,LSTM
2026-04-17 17:57:28,Exp13_Total_Information_0h_Price,DK1,TARGET_Price_0h,['All_Features'],SUCCESS,35.7625,16.776,0.8171,22.0664,28.5594,73.6789,737.11,AutoGluon
2026-04-17 18:53:33,Exp13_Total_Information_48h_Delta,DK1,TARGET_Delta_48h,['All_Features'],SUCCESS,1166.659,62.9656,-478.9429,211.5621,119.36,60.711,1085.56,LSTM
2026-04-17 18:53:33,Exp13_Total_Information_48h_Delta,DK1,TARGET_Delta_48h,['All_Features'],SUCCESS,422.5784,36.9927,-61.9675,124.294,119.9415,61.1132,1504.49,GRU
2026-04-17 18:53:33,Exp13_Total_Information_48h_Delta,DK1,TARGET_Delta_48h,['All_Features'],SUCCESS,44.0134,25.1572,0.3169,84.5272,114.5709,64.6274,762.42,AutoGluon
2026-04-17 19:54:27,Exp13_Total_Information_72h_Delta,DK1,TARGET_Delta_72h,['All_Features'],SUCCESS,2786.1337,87.7855,-2400.8147,276.0565,118.1865,61.2678,1444.61,LSTM
2026-04-17 19:54:27,Exp13_Total_Information_72h_Delta,DK1,TARGET_Delta_72h,['All_Features'],SUCCESS,1660.5739,85.9872,-852.2022,270.4015,117.676,61.4473,1433.67,GRU
2026-04-17 19:54:27,Exp13_Total_Information_72h_Delta,DK1,TARGET_Delta_72h,['All_Features'],SUCCESS,46.0763,26.282,0.3431,82.6482,113.685,64.6392,761.19,AutoGluon
2026-04-17 20:55:42,Exp13_Total_Information_96h_Delta,DK1,TARGET_Delta_96h,['All_Features'],SUCCESS,643.2283,45.2799,-118.0977,136.8868,118.2062,61.5089,1418.19,LSTM
2026-04-17 20:55:42,Exp13_Total_Information_96h_Delta,DK1,TARGET_Delta_96h,['All_Features'],SUCCESS,646.1776,40.9252,-119.1924,123.722,118.4942,61.7395,1474.25,GRU
2026-04-17 20:55:42,Exp13_Total_Information_96h_Delta,DK1,TARGET_Delta_96h,['All_Features'],SUCCESS,48.0686,27.198,0.3349,82.223,113.9256,64.9917,767.16,AutoGluon
2026-04-17 21:47:13,Exp13_Total_Information_120h_Delta,DK1,TARGET_Delta_120h,['All_Features'],SUCCESS,794.2522,48.7944,-179.2228,145.4913,117.6979,61.8051,1447.44,LSTM
2026-04-17 21:47:13,Exp13_Total_Information_120h_Delta,DK1,TARGET_Delta_120h,['All_Features'],SUCCESS,824.6303,47.4139,-193.2726,141.375,118.287,62.0763,893.97,GRU
2026-04-17 21:47:13,Exp13_Total_Information_120h_Delta,DK1,TARGET_Delta_120h,['All_Features'],SUCCESS,49.3419,27.7794,0.3045,82.8305,112.9905,64.9196,735.69,AutoGluon
2026-04-17 22:15:20,Exp13_Total_Information_120h_Price,DK1,TARGET_Price_120h,['All_Features'],SUCCESS,3614.7647,136.8983,-1867.9199,179.8988,45.0031,64.1898,943.13,LSTM
2026-04-17 22:15:20,Exp13_Total_Information_120h_Price,DK1,TARGET_Price_120h,['All_Features'],SUCCESS,53.1115,29.2199,0.5965,38.398,42.9281,70.8434,735.96,AutoGluon
2026-04-17 22:56:52,Exp13_Total_Information_144h_Delta,DK1,TARGET_Delta_144h,['All_Features'],SUCCESS,1035.9752,57.6412,-316.5831,176.8075,120.8561,61.6098,899.4,LSTM
2026-04-17 22:56:52,Exp13_Total_Information_144h_Delta,DK1,TARGET_Delta_144h,['All_Features'],SUCCESS,2297.022,99.7293,-1560.3095,305.9075,121.7297,61.3399,846.05,GRU
2026-04-17 22:56:52,Exp13_Total_Information_144h_Delta,DK1,TARGET_Delta_144h,['All_Features'],SUCCESS,50.4924,28.2532,0.2456,86.6633,117.304,63.8137,736.33,AutoGluon
2026-04-17 23:26:12,Exp13_Total_Information_144h_Price,DK1,TARGET_Price_144h,['All_Features'],SUCCESS,4091.2825,165.4126,-2393.2898,217.3172,44.5614,65.2996,1015.02,LSTM
2026-04-17 23:26:12,Exp13_Total_Information_144h_Price,DK1,TARGET_Price_144h,['All_Features'],SUCCESS,54.8887,29.9203,0.5691,39.309,43.1362,70.8369,735.79,AutoGluon
2026-04-18 00:08:03,Exp13_Total_Information_168h_Delta,DK1,TARGET_Delta_168h,['All_Features'],SUCCESS,1611.0022,80.4281,-814.0803,259.1519,127.6907,60.0742,875.03,LSTM
2026-04-18 00:08:03,Exp13_Total_Information_168h_Delta,DK1,TARGET_Delta_168h,['All_Features'],SUCCESS,1125.054,66.5372,-396.5162,214.3932,127.3782,59.7807,889.99,GRU
2026-04-18 00:08:03,Exp13_Total_Information_168h_Delta,DK1,TARGET_Delta_168h,['All_Features'],SUCCESS,51.1571,28.5359,0.1781,91.9471,123.8331,61.9387,735.75,AutoGluon
2026-04-18 00:35:44,Exp13_Total_Information_168h_Price,DK1,TARGET_Price_168h,['All_Features'],SUCCESS,3809.1792,142.1112,-2074.5332,186.6637,44.8734,65.0664,916.56,LSTM
2026-04-18 00:35:44,Exp13_Total_Information_168h_Price,DK1,TARGET_Price_168h,['All_Features'],SUCCESS,54.412,30.1589,0.5765,39.6139,43.7162,70.867,735.96,AutoGluon
2026-04-18 01:22:14,Exp1_Weather_Only_0h_Price,DK1,TARGET_Price_0h,"['Weather', 'Time']",SUCCESS,81.817,42.0082,0.0427,55.2558,59.6467,66.7186,2005.17,Transformer
2026-04-18 01:22:14,Exp1_Weather_Only_0h_Price,DK1,TARGET_Price_0h,"['Weather', 'Time']",SUCCESS,83.7109,42.7755,-0.0022,56.2652,61.7665,67.1406,780.6,AutoGluon
2026-04-18 02:29:23,Exp1_Weather_Only_48h_Delta,DK1,TARGET_Delta_48h,"['Weather', 'Time']",SUCCESS,49.8886,27.4604,0.1224,92.2659,133.6973,54.8789,954.68,LSTM
2026-04-18 02:29:23,Exp1_Weather_Only_48h_Delta,DK1,TARGET_Delta_48h,"['Weather', 'Time']",SUCCESS,49.841,27.3662,0.1241,91.9493,133.352,54.9169,983.91,GRU
2026-04-18 02:29:23,Exp1_Weather_Only_48h_Delta,DK1,TARGET_Delta_48h,"['Weather', 'Time']",SUCCESS,49.2269,27.022,0.1455,90.793,131.8301,55.0689,2086.73,Transformer
2026-04-18 03:19:27,Exp1_Weather_Only_48h_Price,DK1,TARGET_Price_48h,"['Weather', 'Time']",SUCCESS,84.0261,45.0955,-0.0097,59.2946,63.9271,65.0782,2219.08,Transformer
2026-04-18 03:19:27,Exp1_Weather_Only_48h_Price,DK1,TARGET_Price_48h,"['Weather', 'Time']",SUCCESS,86.3257,46.2279,-0.0657,60.7836,67.1822,66.07,781.26,AutoGluon
2026-04-18 04:27:27,Exp1_Weather_Only_72h_Delta,DK1,TARGET_Delta_72h,"['Weather', 'Time']",SUCCESS,52.7189,29.2192,0.1401,91.8847,133.5184,54.9287,925.66,LSTM
2026-04-18 04:27:27,Exp1_Weather_Only_72h_Delta,DK1,TARGET_Delta_72h,"['Weather', 'Time']",SUCCESS,52.8762,29.083,0.1349,91.4563,132.3707,54.5343,1008.25,GRU
2026-04-18 04:27:27,Exp1_Weather_Only_72h_Delta,DK1,TARGET_Delta_72h,"['Weather', 'Time']",SUCCESS,52.8717,28.962,0.1351,91.0758,131.6099,55.04,2141.74,Transformer
2026-04-18 05:14:37,Exp1_Weather_Only_72h_Price,DK1,TARGET_Price_72h,"['Weather', 'Time']",SUCCESS,84.9805,45.1393,-0.0328,59.3404,64.0906,66.3963,2045.46,Transformer
2026-04-18 05:14:37,Exp1_Weather_Only_72h_Price,DK1,TARGET_Price_72h,"['Weather', 'Time']",SUCCESS,86.5929,46.3924,-0.0724,60.9878,66.8699,66.1749,780.97,AutoGluon
2026-04-18 06:19:16,Exp1_Weather_Only_96h_Delta,DK1,TARGET_Delta_96h,"['Weather', 'Time']",SUCCESS,55.0837,30.4739,0.1266,92.1263,135.0092,54.6758,949.17,LSTM
2026-04-18 06:19:16,Exp1_Weather_Only_96h_Delta,DK1,TARGET_Delta_96h,"['Weather', 'Time']",SUCCESS,55.09,30.4009,0.1264,91.9056,135.0092,54.4229,976.69,GRU
2026-04-18 06:19:16,Exp1_Weather_Only_96h_Delta,DK1,TARGET_Delta_96h,"['Weather', 'Time']",SUCCESS,54.8925,30.1558,0.1326,91.1646,132.7683,54.7557,1949.4,Transformer
2026-04-18 07:06:42,Exp1_Weather_Only_96h_Price,DK1,TARGET_Price_96h,"['Weather', 'Time']",SUCCESS,84.8829,45.406,-0.0305,59.6781,63.9087,65.4372,2056.67,Transformer
2026-04-18 07:06:42,Exp1_Weather_Only_96h_Price,DK1,TARGET_Price_96h,"['Weather', 'Time']",SUCCESS,87.1464,46.671,-0.0862,61.3406,67.0649,66.1788,784.47,AutoGluon
2026-04-18 08:13:21,Exp1_Weather_Only_120h_Delta,DK1,TARGET_Delta_120h,"['Weather', 'Time']",SUCCESS,55.5648,31.0959,0.118,92.7194,134.2202,54.2447,985.47,LSTM
2026-04-18 08:13:21,Exp1_Weather_Only_120h_Delta,DK1,TARGET_Delta_120h,"['Weather', 'Time']",SUCCESS,55.5989,31.0065,0.1169,92.4526,134.6953,54.381,1005.83,GRU
2026-04-18 08:13:21,Exp1_Weather_Only_120h_Delta,DK1,TARGET_Delta_120h,"['Weather', 'Time']",SUCCESS,54.8562,30.5793,0.1403,91.1791,132.1177,54.2434,2003.66,Transformer
2026-04-18 09:01:06,Exp1_Weather_Only_120h_Price,DK1,TARGET_Price_120h,"['Weather', 'Time']",SUCCESS,85.6852,46.0825,-0.0501,60.5572,64.8456,65.9298,2072.31,Transformer
2026-04-18 09:01:06,Exp1_Weather_Only_120h_Price,DK1,TARGET_Price_120h,"['Weather', 'Time']",SUCCESS,87.3055,46.7701,-0.0902,61.4608,67.5239,66.0674,788.73,AutoGluon
2026-04-18 10:07:45,Exp1_Weather_Only_144h_Delta,DK1,TARGET_Delta_144h,"['Weather', 'Time']",SUCCESS,55.0053,30.7199,0.1047,94.2296,140.7821,53.1362,961.67,LSTM
2026-04-18 10:07:45,Exp1_Weather_Only_144h_Delta,DK1,TARGET_Delta_144h,"['Weather', 'Time']",SUCCESS,55.1953,30.7633,0.0985,94.3628,140.5539,52.7641,875.81,GRU
2026-04-18 10:07:45,Exp1_Weather_Only_144h_Delta,DK1,TARGET_Delta_144h,"['Weather', 'Time']",SUCCESS,54.1816,30.1161,0.1313,92.3775,136.5781,53.5214,2157.83,Transformer
2026-04-19 01:25:49,Exp1_Weather_Only_144h_Price,DK1,TARGET_Price_144h,"['Weather', 'Time']",SUCCESS,85.3529,45.8378,-0.0421,60.2212,65.1612,64.5894,2115.89,Transformer
2026-04-19 02:29:25,Exp1_Weather_Only_168h_Delta,DK1,TARGET_Delta_168h,"['Weather', 'Time']",SUCCESS,54.3752,30.0575,0.0714,96.8501,143.6835,52.1286,886.53,LSTM
2026-04-19 02:29:25,Exp1_Weather_Only_168h_Delta,DK1,TARGET_Delta_168h,"['Weather', 'Time']",SUCCESS,54.2452,29.8947,0.0759,96.3254,144.0701,51.4891,871.97,GRU
2026-04-19 02:29:25,Exp1_Weather_Only_168h_Delta,DK1,TARGET_Delta_168h,"['Weather', 'Time']",SUCCESS,53.6269,29.7428,0.0968,95.8358,141.8568,51.9006,2053.16,Transformer
2026-04-19 03:07:17,Exp1_Weather_Only_168h_Price,DK1,TARGET_Price_168h,"['Weather', 'Time']",SUCCESS,85.891,46.0643,-0.0553,60.5056,64.6508,65.445,2269.85,Transformer
2026-04-19 03:55:29,Exp3_Weather_Prices_48h_Price,DK1,TARGET_Price_48h,"['Weather', 'Prices', 'Time']",SUCCESS,47.2601,26.8587,0.6806,35.3156,41.5175,69.7887,819.15,LSTM
2026-04-19 03:55:29,Exp3_Weather_Prices_48h_Price,DK1,TARGET_Price_48h,"['Weather', 'Prices', 'Time']",SUCCESS,49.586,27.6149,0.6484,36.3099,42.2336,71.4252,2069.31,Transformer
2026-04-19 04:43:56,Exp3_Weather_Prices_72h_Price,DK1,TARGET_Price_72h,"['Weather', 'Prices', 'Time']",SUCCESS,48.7702,27.6751,0.6598,36.3819,41.924,68.9147,912.33,LSTM
2026-04-19 04:43:56,Exp3_Weather_Prices_72h_Price,DK1,TARGET_Price_72h,"['Weather', 'Prices', 'Time']",SUCCESS,51.0109,28.6333,0.6279,37.6415,43.2476,70.8644,1990.2,Transformer
2026-04-19 05:32:35,Exp3_Weather_Prices_96h_Price,DK1,TARGET_Price_96h,"['Weather', 'Prices', 'Time']",SUCCESS,51.4384,28.9077,0.6216,37.994,42.6865,69.203,833.0,LSTM
2026-04-19 05:32:35,Exp3_Weather_Prices_96h_Price,DK1,TARGET_Price_96h,"['Weather', 'Prices', 'Time']",SUCCESS,51.0429,28.7696,0.6274,37.8124,43.171,70.3481,2081.96,Transformer
2026-04-19 06:21:35,Exp3_Weather_Prices_144h_Price,DK1,TARGET_Price_144h,"['Weather', 'Prices', 'Time']",SUCCESS,51.9518,28.9675,0.6139,38.0572,42.781,69.4323,834.57,LSTM
2026-04-19 06:21:35,Exp3_Weather_Prices_144h_Price,DK1,TARGET_Price_144h,"['Weather', 'Prices', 'Time']",SUCCESS,53.0586,29.5543,0.5973,38.8281,44.0602,70.9954,2102.49,Transformer
2026-04-19 07:06:39,Exp5_Weather_Grid_0h_Price,DK1,TARGET_Price_0h,"['Weather', 'Grid', 'GridExchange', 'Time']",SUCCESS,51.3692,25.424,0.6226,33.4417,39.2037,69.3772,2700.06,Transformer
2026-04-19 07:19:35,Exp5_Weather_Grid_48h_Delta,DK1,TARGET_Delta_48h,"['Weather', 'Grid', 'GridExchange', 'Time']",SUCCESS,47.0332,27.0957,0.22,91.0407,118.5082,56.8862,771.51,AutoGluon
2026-04-19 07:58:48,Exp5_Weather_Grid_48h_Price,DK1,TARGET_Price_48h,"['Weather', 'Grid', 'GridExchange', 'Time']",SUCCESS,63.747,35.2598,0.4188,46.362,50.303,64.4911,2350.28,Transformer
2026-04-19 08:11:38,Exp5_Weather_Grid_72h_Delta,DK1,TARGET_Delta_72h,"['Weather', 'Grid', 'GridExchange', 'Time']",SUCCESS,49.263,28.2004,0.2491,88.6809,117.4476,57.0946,765.72,AutoGluon
2026-04-19 08:51:33,Exp5_Weather_Grid_72h_Price,DK1,TARGET_Price_72h,"['Weather', 'Grid', 'GridExchange', 'Time']",SUCCESS,64.6803,35.8154,0.4017,47.0832,50.1573,63.3656,2392.26,Transformer
2026-04-19 09:04:21,Exp5_Weather_Grid_96h_Delta,DK1,TARGET_Delta_96h,"['Weather', 'Grid', 'GridExchange', 'Time']",SUCCESS,51.0374,29.0963,0.2502,87.9618,118.0089,57.3291,764.07,AutoGluon
2026-04-19 09:44:34,Exp5_Weather_Grid_96h_Price,DK1,TARGET_Price_96h,"['Weather', 'Grid', 'GridExchange', 'Time']",SUCCESS,65.0027,35.7921,0.3957,47.0422,49.2468,64.3968,2409.98,Transformer
2026-04-19 09:57:27,Exp5_Weather_Grid_120h_Delta,DK1,TARGET_Delta_120h,"['Weather', 'Grid', 'GridExchange', 'Time']",SUCCESS,51.0383,29.3141,0.2558,87.4065,117.7277,56.8954,769.49,AutoGluon
2026-04-19 10:35:19,Exp5_Weather_Grid_120h_Price,DK1,TARGET_Price_120h,"['Weather', 'Grid', 'GridExchange', 'Time']",SUCCESS,65.2009,35.999,0.392,47.3065,50.6088,64.478,2268.45,Transformer
2026-04-19 10:48:07,Exp5_Weather_Grid_144h_Delta,DK1,TARGET_Delta_144h,"['Weather', 'Grid', 'GridExchange', 'Time']",SUCCESS,51.9861,29.5608,0.2003,90.6742,122.4742,55.5078,764.34,AutoGluon
2026-04-19 11:27:49,Exp5_Weather_Grid_144h_Price,DK1,TARGET_Price_144h,"['Weather', 'Grid', 'GridExchange', 'Time']",SUCCESS,67.4613,36.9554,0.349,48.5517,51.0813,64.0994,2379.26,Transformer
2026-04-19 11:40:36,Exp5_Weather_Grid_168h_Delta,DK1,TARGET_Delta_168h,"['Weather', 'Grid', 'GridExchange', 'Time']",SUCCESS,52.4542,29.7654,0.1359,95.9088,127.7097,54.0468,762.75,AutoGluon
2026-04-19 12:18:26,Exp5_Weather_Grid_168h_Price,DK1,TARGET_Price_168h,"['Weather', 'Grid', 'GridExchange', 'Time']",SUCCESS,63.5565,35.6041,0.4222,46.7662,49.9867,63.7548,2267.09,Transformer
2026-04-19 12:35:56,Exp6_Weather_WeatherLags_Grid_0h_Price,DK1,TARGET_Price_0h,"['Weather', 'WeatherLags', 'Grid', 'GridExchange', 'Time']",SUCCESS,918.7717,57.3235,-119.7251,75.4009,38.9517,67.9189,1046.05,LSTM
2026-04-19 12:52:06,Exp6_Weather_WeatherLags_Grid_48h_Price,DK1,TARGET_Price_48h,"['Weather', 'WeatherLags', 'Grid', 'GridExchange', 'Time']",SUCCESS,13462.8464,353.5743,-25919.4813,464.9031,50.9581,63.0145,966.58,LSTM
2026-04-19 13:09:11,Exp6_Weather_WeatherLags_Grid_72h_Price,DK1,TARGET_Price_72h,"['Weather', 'WeatherLags', 'Grid', 'GridExchange', 'Time']",SUCCESS,2746.9451,95.1143,-1078.1664,125.0379,51.3965,62.6803,1021.08,LSTM
2026-04-19 13:26:07,Exp6_Weather_WeatherLags_Grid_96h_Price,DK1,TARGET_Price_96h,"['Weather', 'WeatherLags', 'Grid', 'GridExchange', 'Time']",SUCCESS,4143.2802,137.9489,-2454.2727,181.3089,50.6617,63.1913,1012.78,LSTM
2026-04-19 13:43:34,Exp6_Weather_WeatherLags_Grid_120h_Price,DK1,TARGET_Price_120h,"['Weather', 'WeatherLags', 'Grid', 'GridExchange', 'Time']",SUCCESS,5071.0677,145.5233,-3677.15,191.233,51.9935,62.3501,1043.49,LSTM
2026-04-19 14:00:16,Exp6_Weather_WeatherLags_Grid_144h_Price,DK1,TARGET_Price_144h,"['Weather', 'WeatherLags', 'Grid', 'GridExchange', 'Time']",SUCCESS,1918.3381,100.8193,-525.3906,132.4552,51.9186,62.7852,998.31,LSTM
2026-04-19 14:18:08,Exp6_Weather_WeatherLags_Grid_168h_Price,DK1,TARGET_Price_168h,"['Weather', 'WeatherLags', 'Grid', 'GridExchange', 'Time']",SUCCESS,2513.447,99.5569,-902.6626,130.7684,50.618,62.5061,1068.03,LSTM
2026-04-19 14:30:51,Exp7_Weather_Grid_Prices_48h_Delta,DK1,TARGET_Delta_48h,"['Weather', 'Grid', 'GridExchange', 'Prices', 'Time']",SUCCESS,44.8002,25.5828,0.2923,85.9574,114.9395,64.3444,759.22,AutoGluon
2026-04-19 14:43:30,Exp7_Weather_Grid_Prices_72h_Delta,DK1,TARGET_Delta_72h,"['Weather', 'Grid', 'GridExchange', 'Prices', 'Time']",SUCCESS,47.0653,26.6332,0.3146,83.7527,113.3749,64.2094,755.05,AutoGluon
2026-04-19 14:56:10,Exp7_Weather_Grid_Prices_96h_Delta,DK1,TARGET_Delta_96h,"['Weather', 'Grid', 'GridExchange', 'Prices', 'Time']",SUCCESS,48.8871,27.8515,0.312,84.1985,114.782,64.5475,755.56,AutoGluon
2026-04-19 15:08:49,Exp7_Weather_Grid_Prices_120h_Delta,DK1,TARGET_Delta_120h,"['Weather', 'Grid', 'GridExchange', 'Prices', 'Time']",SUCCESS,49.3385,28.0268,0.3046,83.568,113.4938,64.254,754.89,AutoGluon
2026-04-19 15:21:28,Exp7_Weather_Grid_Prices_144h_Delta,DK1,TARGET_Delta_144h,"['Weather', 'Grid', 'GridExchange', 'Prices', 'Time']",SUCCESS,50.6949,28.52,0.2395,87.4817,118.3816,63.4377,755.61,AutoGluon
2026-04-19 15:34:07,Exp7_Weather_Grid_Prices_168h_Delta,DK1,TARGET_Delta_168h,"['Weather', 'Grid', 'GridExchange', 'Prices', 'Time']",SUCCESS,51.7144,28.8438,0.1601,92.9393,123.7675,61.9112,755.05,AutoGluon
2026-04-19 16:12:54,Exp8_Weather_WeatherLags_Grid_Prices_48h_Delta,DK1,TARGET_Delta_48h,"['Weather', 'WeatherLags', 'Grid', 'GridExchange', 'Prices', 'Time']",SUCCESS,48.8721,27.668,0.1578,92.9634,119.544,62.5506,2322.97,Transformer
2026-04-19 16:48:21,Exp8_Weather_WeatherLags_Grid_Prices_72h_Delta,DK1,TARGET_Delta_72h,"['Weather', 'WeatherLags', 'Grid', 'GridExchange', 'Prices', 'Time']",SUCCESS,48.463,27.8259,0.2733,87.5033,116.236,62.4052,2123.16,Transformer
2026-04-19 17:23:34,Exp8_Weather_WeatherLags_Grid_Prices_96h_Delta,DK1,TARGET_Delta_96h,"['Weather', 'WeatherLags', 'Grid', 'GridExchange', 'Prices', 'Time']",SUCCESS,51.2957,29.3975,0.2426,88.8722,116.594,62.5139,2110.1,Transformer
2026-04-19 18:14:45,Exp8_Weather_WeatherLags_Grid_Prices_168h_Delta,DK1,TARGET_Delta_168h,"['Weather', 'WeatherLags', 'Grid', 'GridExchange', 'Prices', 'Time']",SUCCESS,369.9205,41.5144,-41.9759,133.766,127.5135,60.3965,892.47,GRU
2026-04-19 18:14:45,Exp8_Weather_WeatherLags_Grid_Prices_168h_Delta,DK1,TARGET_Delta_168h,"['Weather', 'WeatherLags', 'Grid', 'GridExchange', 'Prices', 'Time']",SUCCESS,52.0756,29.4647,0.1483,94.9399,126.2044,61.0988,2172.44,Transformer
2026-04-19 18:29:48,Exp9_Weather_Grid_Gridlags_168h_Delta,DK1,TARGET_Delta_168h,"['Weather', 'Grid', 'GridExchange', 'GridLags', 'GridExchangeLags', 'Time']",SUCCESS,2366.0302,71.6295,-1757.1207,230.8014,133.7676,52.5243,899.42,LSTM
2026-05-08 13:28:04,Exp3_Weather_Prices_24h_Price_MAELoss,DK1,TARGET_Price_24h,"['Weather', 'Prices', 'Time']",SUCCESS,39.3248,22.2808,0.7788,29.305,37.0748,71.4383,995.17,LSTM
2026-05-08 13:43:35,Exp3_Weather_Prices_24h_Delta_MAELoss,DK1,TARGET_Delta_24h,"['Weather', 'Prices', 'Time']",SUCCESS,38.6586,21.7819,0.1498,94.545,130.8121,61.1761,928.45,LSTM
2026-05-08 19:03:37,Exp3_Weather_Prices_24h_Price_AutoGluon_medium_quality,DK1,TARGET_Price_24h,"['Weather', 'Prices', 'Time']",SUCCESS,43.1912,23.9982,0.7332,31.5638,38.6239,71.8563,19199.72,AutoGluon
2026-05-09 00:23:18,Exp3_Weather_Prices_24h_Delta_AutoGluon_medium_quality,DK1,TARGET_Delta_24h,"['Weather', 'Prices', 'Time']",SUCCESS,38.0692,21.9704,0.1755,95.3632,124.7107,62.8061,19177.46,AutoGluon
2026-05-09 00:51:41,Exp3_Weather_Prices_Midas_24h_Price,DK1,TARGET_Price_24h,['All_Features'],SUCCESS,39.082,27.7423,0.4047,34.8735,49.3387,73.0797,25.9,XGBoost
2026-05-09 00:51:41,Exp3_Weather_Prices_Midas_24h_Price,DK1,TARGET_Price_24h,['All_Features'],SUCCESS,38.8482,27.6609,0.4118,34.7712,49.121,73.5384,15.01,LightGBM
2026-05-09 00:51:41,Exp3_Weather_Prices_Midas_24h_Price,DK1,TARGET_Price_24h,['All_Features'],SUCCESS,36.8023,26.1689,0.4721,32.8957,47.3166,72.684,29.59,CatBoost
2026-05-09 00:51:41,Exp3_Weather_Prices_Midas_24h_Price,DK1,TARGET_Price_24h,['All_Features'],SUCCESS,39.8681,27.7981,0.3805,34.9436,49.5509,71.5055,235.65,RandomForest
2026-05-09 00:51:41,Exp3_Weather_Prices_Midas_24h_Price,DK1,TARGET_Price_24h,['All_Features'],SUCCESS,4350.1671,218.9985,-7374.8041,275.2926,55.2015,67.4818,292.87,LSTM
2026-05-09 00:51:41,Exp3_Weather_Prices_Midas_24h_Price,DK1,TARGET_Price_24h,['All_Features'],SUCCESS,8483.4106,406.164,-28049.3618,510.5694,53.6482,66.6316,305.75,GRU
2026-05-09 00:51:41,Exp3_Weather_Prices_Midas_24h_Price,DK1,TARGET_Price_24h,['All_Features'],SUCCESS,42.7361,31.6026,0.2882,39.7261,53.9002,67.7975,498.24,Transformer
2026-05-09 00:51:41,Exp3_Weather_Prices_Midas_24h_Price,DK1,TARGET_Price_24h,['All_Features'],SUCCESS,39.5783,28.7747,0.3895,36.1713,50.4141,73.1049,235.11,AutoGluon
2026-05-09 01:12:10,Exp3_Weather_Prices_Midas_24h_Delta,DK1,TARGET_Delta_24h,['All_Features'],SUCCESS,38.9569,27.3567,0.2139,92.9507,123.3593,59.0639,24.32,XGBoost
2026-05-09 01:12:10,Exp3_Weather_Prices_Midas_24h_Delta,DK1,TARGET_Delta_24h,['All_Features'],SUCCESS,38.6596,27.1999,0.2259,92.4178,123.432,59.569,15.78,LightGBM
2026-05-09 01:12:10,Exp3_Weather_Prices_Midas_24h_Delta,DK1,TARGET_Delta_24h,['All_Features'],SUCCESS,37.239,25.7468,0.2817,87.4807,124.2094,59.0218,25.93,CatBoost
2026-05-09 01:12:10,Exp3_Weather_Prices_Midas_24h_Delta,DK1,TARGET_Delta_24h,['All_Features'],SUCCESS,38.6858,26.7925,0.2248,91.0335,126.9007,58.0285,228.78,RandomForest
2026-05-09 01:12:10,Exp3_Weather_Prices_Midas_24h_Delta,DK1,TARGET_Delta_24h,['All_Features'],SUCCESS,3462.9106,168.412,-6210.4438,572.2179,130.3032,57.01,141.55,LSTM
2026-05-09 01:12:10,Exp3_Weather_Prices_Midas_24h_Delta,DK1,TARGET_Delta_24h,['All_Features'],SUCCESS,4422.7326,219.0534,-10130.9108,744.2833,130.8334,56.0293,154.58,GRU
2026-05-09 01:12:10,Exp3_Weather_Prices_Midas_24h_Delta,DK1,TARGET_Delta_24h,['All_Features'],SUCCESS,41.2965,29.7597,0.1166,101.1152,129.0927,56.8079,400.4,Transformer
2026-05-09 01:12:10,Exp3_Weather_Prices_Midas_24h_Delta,DK1,TARGET_Delta_24h,['All_Features'],SUCCESS,39.7946,28.5723,0.1797,97.0808,123.0467,61.3578,231.75,AutoGluon
2026-05-09 01:33:09,Exp13_Total_Information_Midas_24h_Price,DK1,TARGET_Price_24h,['All_Features'],SUCCESS,39.082,27.7423,0.4047,34.8735,49.3387,73.0797,24.45,XGBoost
2026-05-09 01:33:09,Exp13_Total_Information_Midas_24h_Price,DK1,TARGET_Price_24h,['All_Features'],SUCCESS,38.8482,27.6609,0.4118,34.7712,49.121,73.5384,14.08,LightGBM
2026-05-09 01:33:09,Exp13_Total_Information_Midas_24h_Price,DK1,TARGET_Price_24h,['All_Features'],SUCCESS,36.8023,26.1689,0.4721,32.8957,47.3166,72.684,26.68,CatBoost
2026-05-09 01:33:09,Exp13_Total_Information_Midas_24h_Price,DK1,TARGET_Price_24h,['All_Features'],SUCCESS,39.4241,27.5313,0.3942,34.6083,48.7811,71.4129,244.2,RandomForest
2026-05-09 01:33:09,Exp13_Total_Information_Midas_24h_Price,DK1,TARGET_Price_24h,['All_Features'],SUCCESS,4086.0418,188.0013,-6506.3339,236.3275,54.1595,67.5954,154.43,LSTM
2026-05-09 01:33:09,Exp13_Total_Information_Midas_24h_Price,DK1,TARGET_Price_24h,['All_Features'],SUCCESS,5793.8174,288.51,-13082.5951,362.6722,53.7154,67.8269,163.87,GRU
2026-05-09 01:33:09,Exp13_Total_Information_Midas_24h_Price,DK1,TARGET_Price_24h,['All_Features'],SUCCESS,43.1891,31.7299,0.273,39.8861,53.044,67.5533,393.95,Transformer
2026-05-09 01:33:09,Exp13_Total_Information_Midas_24h_Price,DK1,TARGET_Price_24h,['All_Features'],SUCCESS,39.6087,28.8073,0.3885,36.2123,50.4491,73.1176,231.08,AutoGluon
2026-05-09 01:53:10,Exp13_Total_Information_Midas_24h_Delta,DK1,TARGET_Delta_24h,['All_Features'],SUCCESS,38.9569,27.3567,0.2139,92.9507,123.3593,59.0639,21.82,XGBoost
2026-05-09 01:53:10,Exp13_Total_Information_Midas_24h_Delta,DK1,TARGET_Delta_24h,['All_Features'],SUCCESS,38.6596,27.1999,0.2259,92.4178,123.432,59.569,11.1,LightGBM
2026-05-09 01:53:10,Exp13_Total_Information_Midas_24h_Delta,DK1,TARGET_Delta_24h,['All_Features'],SUCCESS,37.239,25.7468,0.2817,87.4807,124.2094,59.0218,25.29,CatBoost
2026-05-09 01:53:10,Exp13_Total_Information_Midas_24h_Delta,DK1,TARGET_Delta_24h,['All_Features'],SUCCESS,38.7075,26.8686,0.2239,91.2922,126.691,58.1674,236.37,RandomForest
2026-05-09 01:53:10,Exp13_Total_Information_Midas_24h_Delta,DK1,TARGET_Delta_24h,['All_Features'],SUCCESS,5306.9072,225.3199,-14586.9071,765.575,132.2333,56.3828,146.02,LSTM
2026-05-09 01:53:10,Exp13_Total_Information_Midas_24h_Delta,DK1,TARGET_Delta_24h,['All_Features'],SUCCESS,1352.1789,85.773,-946.0618,291.4331,131.6355,57.3383,183.61,GRU
2026-05-09 01:53:10,Exp13_Total_Information_Midas_24h_Delta,DK1,TARGET_Delta_24h,['All_Features'],SUCCESS,40.8141,29.4953,0.1372,100.2168,129.4766,57.2162,340.91,Transformer
2026-05-09 01:53:10,Exp13_Total_Information_Midas_24h_Delta,DK1,TARGET_Delta_24h,['All_Features'],SUCCESS,39.7963,28.5766,0.1797,97.0953,123.0438,61.3536,230.74,AutoGluon
2026-05-09 02:15:26,Exp6_Weather_WeatherLags_Grid_Midas_24h_Price,DK1,TARGET_Price_24h,['All_Features'],SUCCESS,39.082,27.7423,0.4047,34.8735,49.3387,73.0797,22.42,XGBoost
2026-05-09 02:15:26,Exp6_Weather_WeatherLags_Grid_Midas_24h_Price,DK1,TARGET_Price_24h,['All_Features'],SUCCESS,38.8482,27.6609,0.4118,34.7712,49.121,73.5384,11.63,LightGBM
2026-05-09 02:15:26,Exp6_Weather_WeatherLags_Grid_Midas_24h_Price,DK1,TARGET_Price_24h,['All_Features'],SUCCESS,36.8023,26.1689,0.4721,32.8957,47.3166,72.684,25.26,CatBoost
2026-05-09 02:15:26,Exp6_Weather_WeatherLags_Grid_Midas_24h_Price,DK1,TARGET_Price_24h,['All_Features'],SUCCESS,39.5125,27.6812,0.3915,34.7967,49.0103,72.019,237.13,RandomForest
2026-05-09 02:15:26,Exp6_Weather_WeatherLags_Grid_Midas_24h_Price,DK1,TARGET_Price_24h,['All_Features'],SUCCESS,5378.2807,258.5952,-11273.1659,325.0678,54.2751,67.1872,153.58,LSTM
2026-05-09 02:15:26,Exp6_Weather_WeatherLags_Grid_Midas_24h_Price,DK1,TARGET_Price_24h,['All_Features'],SUCCESS,6592.336,321.2993,-16937.5474,403.8901,53.7547,67.7049,152.1,GRU
2026-05-09 02:15:26,Exp6_Weather_WeatherLags_Grid_Midas_24h_Price,DK1,TARGET_Price_24h,['All_Features'],SUCCESS,43.6347,32.4097,0.2579,40.7407,54.6492,67.4523,496.81,Transformer
2026-05-09 02:15:26,Exp6_Weather_WeatherLags_Grid_Midas_24h_Price,DK1,TARGET_Price_24h,['All_Features'],SUCCESS,39.6063,28.8032,0.3886,36.2071,50.4499,73.1176,231.28,AutoGluon
2026-05-09 02:36:43,Exp6_Weather_WeatherLags_Grid_Midas_24h_Delta,DK1,TARGET_Delta_24h,['All_Features'],SUCCESS,38.9569,27.3567,0.2139,92.9507,123.3593,59.0639,22.29,XGBoost
2026-05-09 02:36:43,Exp6_Weather_WeatherLags_Grid_Midas_24h_Delta,DK1,TARGET_Delta_24h,['All_Features'],SUCCESS,38.6596,27.1999,0.2259,92.4178,123.432,59.569,10.74,LightGBM
2026-05-09 02:36:43,Exp6_Weather_WeatherLags_Grid_Midas_24h_Delta,DK1,TARGET_Delta_24h,['All_Features'],SUCCESS,37.239,25.7468,0.2817,87.4807,124.2094,59.0218,25.29,CatBoost
2026-05-09 02:36:43,Exp6_Weather_WeatherLags_Grid_Midas_24h_Delta,DK1,TARGET_Delta_24h,['All_Features'],SUCCESS,38.7997,26.9365,0.2202,91.5228,126.7927,58.6178,235.18,RandomForest
2026-05-09 02:36:43,Exp6_Weather_WeatherLags_Grid_Midas_24h_Delta,DK1,TARGET_Delta_24h,['All_Features'],SUCCESS,3645.4046,171.678,-6882.3758,583.3146,131.2995,56.8374,149.22,LSTM
2026-05-09 02:36:43,Exp6_Weather_WeatherLags_Grid_Midas_24h_Delta,DK1,TARGET_Delta_24h,['All_Features'],SUCCESS,7127.1758,301.5546,-26310.4601,1024.5998,128.8429,56.7659,156.9,GRU
2026-05-09 02:36:43,Exp6_Weather_WeatherLags_Grid_Midas_24h_Delta,DK1,TARGET_Delta_24h,['All_Features'],SUCCESS,41.9463,30.3093,0.0886,102.9827,130.7007,56.2566,440.97,Transformer
2026-05-09 02:36:43,Exp6_Weather_WeatherLags_Grid_Midas_24h_Delta,DK1,TARGET_Delta_24h,['All_Features'],SUCCESS,39.7924,28.572,0.1798,97.0799,123.0094,61.3325,230.56,AutoGluon
2026-05-09 02:41:25,Exp3_Weather_Prices_Midas_0h_Price,DK1,TARGET_Price_0h,['All_Features'],SUCCESS,25.4607,16.4112,0.7477,20.607,36.7609,73.1933,22.32,XGBoost
2026-05-09 02:41:25,Exp3_Weather_Prices_Midas_0h_Price,DK1,TARGET_Price_0h,['All_Features'],SUCCESS,25.553,16.6094,0.7458,20.8558,37.3585,73.6647,11.12,LightGBM
2026-05-09 02:41:25,Exp3_Weather_Prices_Midas_0h_Price,DK1,TARGET_Price_0h,['All_Features'],SUCCESS,24.6537,16.4438,0.7634,20.6479,37.0379,73.6984,24.93,CatBoost
2026-05-09 02:41:25,Exp3_Weather_Prices_Midas_0h_Price,DK1,TARGET_Price_0h,['All_Features'],SUCCESS,29.4732,19.0096,0.6618,23.8697,38.4275,72.0022,220.73,RandomForest
2026-05-09 02:46:19,Exp3_Weather_Prices_Midas_48h_Price,DK1,TARGET_Price_48h,['All_Features'],SUCCESS,44.3857,31.6528,0.2332,39.8127,52.5974,71.7076,22.78,XGBoost
2026-05-09 02:46:19,Exp3_Weather_Prices_Midas_48h_Price,DK1,TARGET_Price_48h,['All_Features'],SUCCESS,45.1237,32.2665,0.2075,40.5846,53.1291,72.2337,11.36,LightGBM
2026-05-09 02:46:19,Exp3_Weather_Prices_Midas_48h_Price,DK1,TARGET_Price_48h,['All_Features'],SUCCESS,41.7082,29.7439,0.3229,37.4117,50.34,68.6982,25.16,CatBoost
2026-05-09 02:46:19,Exp3_Weather_Prices_Midas_48h_Price,DK1,TARGET_Price_48h,['All_Features'],SUCCESS,45.4201,31.7927,0.197,39.9887,52.3434,70.2639,231.55,RandomForest
2026-05-09 02:51:11,Exp3_Weather_Prices_Midas_48h_Delta,DK1,TARGET_Delta_48h,['All_Features'],SUCCESS,44.8967,31.7808,0.3068,85.367,114.5941,61.6398,22.51,XGBoost
2026-05-09 02:51:11,Exp3_Weather_Prices_Midas_48h_Delta,DK1,TARGET_Delta_48h,['All_Features'],SUCCESS,44.3278,31.4473,0.3242,84.4712,114.8406,61.905,12.13,LightGBM
2026-05-09 02:51:11,Exp3_Weather_Prices_Midas_48h_Delta,DK1,TARGET_Delta_48h,['All_Features'],SUCCESS,42.4512,29.6415,0.3802,79.6206,115.5043,59.4385,24.72,CatBoost
2026-05-09 02:51:11,Exp3_Weather_Prices_Midas_48h_Delta,DK1,TARGET_Delta_48h,['All_Features'],SUCCESS,43.9891,30.7993,0.3345,82.7305,117.7361,60.5497,229.48,RandomForest
2026-05-09 02:56:09,Exp3_Weather_Prices_Midas_72h_Price,DK1,TARGET_Price_72h,['All_Features'],SUCCESS,47.5431,33.9671,0.1197,42.7685,54.3044,71.535,22.71,XGBoost
2026-05-09 02:56:09,Exp3_Weather_Prices_Midas_72h_Price,DK1,TARGET_Price_72h,['All_Features'],SUCCESS,47.5296,33.9588,0.1202,42.758,54.1548,72.0611,11.11,LightGBM
2026-05-09 02:56:09,Exp3_Weather_Prices_Midas_72h_Price,DK1,TARGET_Price_72h,['All_Features'],SUCCESS,43.0389,31.0162,0.2786,39.053,51.3603,66.156,25.56,CatBoost
2026-05-09 02:56:09,Exp3_Weather_Prices_Midas_72h_Price,DK1,TARGET_Price_72h,['All_Features'],SUCCESS,48.6129,33.8538,0.0796,42.6259,53.1792,69.8304,235.32,RandomForest
2026-05-09 03:01:05,Exp3_Weather_Prices_Midas_72h_Delta,DK1,TARGET_Delta_72h,['All_Features'],SUCCESS,46.7866,33.1139,0.3166,84.8404,113.9198,61.5304,22.37,XGBoost
2026-05-09 03:01:05,Exp3_Weather_Prices_Midas_72h_Delta,DK1,TARGET_Delta_72h,['All_Features'],SUCCESS,46.2521,33.0213,0.3321,84.6032,113.889,61.6314,11.19,LightGBM
2026-05-09 03:01:05,Exp3_Weather_Prices_Midas_72h_Delta,DK1,TARGET_Delta_72h,['All_Features'],SUCCESS,43.9797,30.9264,0.3961,79.2358,115.2968,58.2221,25.02,CatBoost
2026-05-09 03:01:05,Exp3_Weather_Prices_Midas_72h_Delta,DK1,TARGET_Delta_72h,['All_Features'],SUCCESS,47.0305,32.8469,0.3094,84.1563,116.1806,60.4276,234.29,RandomForest
2026-05-09 03:06:00,Exp3_Weather_Prices_Midas_96h_Price,DK1,TARGET_Price_96h,['All_Features'],SUCCESS,48.0195,34.2686,0.1019,43.1528,54.7437,71.2698,22.59,XGBoost
2026-05-09 03:06:00,Exp3_Weather_Prices_Midas_96h_Price,DK1,TARGET_Price_96h,['All_Features'],SUCCESS,48.4411,34.4226,0.086,43.3467,54.7423,71.7917,11.22,LightGBM
2026-05-09 03:06:00,Exp3_Weather_Prices_Midas_96h_Price,DK1,TARGET_Price_96h,['All_Features'],SUCCESS,43.5245,31.508,0.2621,39.6764,51.6774,67.0399,25.05,CatBoost
2026-05-09 03:06:00,Exp3_Weather_Prices_Midas_96h_Price,DK1,TARGET_Price_96h,['All_Features'],SUCCESS,50.939,35.3567,-0.0107,44.5229,54.407,69.1738,232.96,RandomForest
2026-05-09 03:11:00,Exp3_Weather_Prices_Midas_96h_Delta,DK1,TARGET_Delta_96h,['All_Features'],SUCCESS,48.324,34.1682,0.3078,84.872,113.516,61.3283,22.66,XGBoost
2026-05-09 03:11:00,Exp3_Weather_Prices_Midas_96h_Delta,DK1,TARGET_Delta_96h,['All_Features'],SUCCESS,48.58,33.9903,0.3005,84.43,113.2887,61.6272,11.05,LightGBM
2026-05-09 03:11:00,Exp3_Weather_Prices_Midas_96h_Delta,DK1,TARGET_Delta_96h,['All_Features'],SUCCESS,44.6197,31.224,0.4099,77.5585,113.7628,59.5185,25.11,CatBoost
2026-05-09 03:11:00,Exp3_Weather_Prices_Midas_96h_Delta,DK1,TARGET_Delta_96h,['All_Features'],SUCCESS,47.5802,32.9888,0.329,81.9423,115.5284,60.8022,238.23,RandomForest
2026-05-09 03:15:56,Exp3_Weather_Prices_Midas_120h_Price,DK1,TARGET_Price_120h,['All_Features'],SUCCESS,47.0686,33.2417,0.1368,41.8678,53.8056,71.1099,22.84,XGBoost
2026-05-09 03:15:56,Exp3_Weather_Prices_Midas_120h_Price,DK1,TARGET_Price_120h,['All_Features'],SUCCESS,48.813,34.2834,0.0716,43.1797,54.4873,71.6571,11.15,LightGBM
2026-05-09 03:15:56,Exp3_Weather_Prices_Midas_120h_Price,DK1,TARGET_Price_120h,['All_Features'],SUCCESS,43.8338,31.7648,0.2513,40.0076,52.1102,67.0735,25.42,CatBoost
2026-05-09 03:15:56,Exp3_Weather_Prices_Midas_120h_Price,DK1,TARGET_Price_120h,['All_Features'],SUCCESS,49.5736,34.8694,0.0424,43.9178,54.4089,69.6494,233.53,RandomForest
2026-05-09 03:20:53,Exp3_Weather_Prices_Midas_120h_Delta,DK1,TARGET_Delta_120h,['All_Features'],SUCCESS,47.3714,33.7233,0.3473,81.7244,111.5243,61.5682,22.5,XGBoost
2026-05-09 03:20:53,Exp3_Weather_Prices_Midas_120h_Delta,DK1,TARGET_Delta_120h,['All_Features'],SUCCESS,47.7297,33.8261,0.3374,81.9735,111.0366,61.6314,11.16,LightGBM
2026-05-09 03:20:53,Exp3_Weather_Prices_Midas_120h_Delta,DK1,TARGET_Delta_120h,['All_Features'],SUCCESS,44.0619,31.0113,0.4353,75.1521,111.7094,60.2509,25.06,CatBoost
2026-05-09 03:20:53,Exp3_Weather_Prices_Midas_120h_Delta,DK1,TARGET_Delta_120h,['All_Features'],SUCCESS,47.2911,33.5292,0.3495,81.2541,113.5683,61.1474,235.69,RandomForest
2026-05-09 03:25:51,Exp3_Weather_Prices_Midas_144h_Price,DK1,TARGET_Price_144h,['All_Features'],SUCCESS,48.5496,34.4811,0.0818,43.4155,54.3061,71.1814,22.61,XGBoost
2026-05-09 03:25:51,Exp3_Weather_Prices_Midas_144h_Price,DK1,TARGET_Price_144h,['All_Features'],SUCCESS,49.9513,34.8952,0.028,43.937,54.2708,72.1832,11.32,LightGBM
2026-05-09 03:25:51,Exp3_Weather_Prices_Midas_144h_Price,DK1,TARGET_Price_144h,['All_Features'],SUCCESS,43.3892,31.7367,0.2666,39.96,52.2027,69.4305,24.76,CatBoost
2026-05-09 03:25:51,Exp3_Weather_Prices_Midas_144h_Price,DK1,TARGET_Price_144h,['All_Features'],SUCCESS,50.5817,35.0238,0.0034,44.0989,53.7687,70.3607,235.7,RandomForest
2026-05-09 03:30:44,Exp3_Weather_Prices_Midas_144h_Delta,DK1,TARGET_Delta_144h,['All_Features'],SUCCESS,48.8375,34.7413,0.2876,86.6585,114.9949,61.1726,22.39,XGBoost
2026-05-09 03:30:44,Exp3_Weather_Prices_Midas_144h_Delta,DK1,TARGET_Delta_144h,['All_Features'],SUCCESS,50.3479,35.0969,0.2429,87.5453,115.0045,61.1852,11.0,LightGBM
2026-05-09 03:30:44,Exp3_Weather_Prices_Midas_144h_Delta,DK1,TARGET_Delta_144h,['All_Features'],SUCCESS,43.8781,31.091,0.425,77.553,115.2627,59.0681,24.83,CatBoost
2026-05-09 03:30:44,Exp3_Weather_Prices_Midas_144h_Delta,DK1,TARGET_Delta_144h,['All_Features'],SUCCESS,52.0504,35.8376,0.1908,89.3929,119.1352,61.1263,231.81,RandomForest
2026-05-09 03:35:33,Exp3_Weather_Prices_Midas_168h_Price,DK1,TARGET_Price_168h,['All_Features'],SUCCESS,51.5247,36.4247,-0.0351,45.8951,55.525,71.0047,22.4,XGBoost
2026-05-09 03:35:33,Exp3_Weather_Prices_Midas_168h_Price,DK1,TARGET_Price_168h,['All_Features'],SUCCESS,50.696,35.6299,-0.0021,44.8937,55.1693,72.0948,11.06,LightGBM
2026-05-09 03:35:33,Exp3_Weather_Prices_Midas_168h_Price,DK1,TARGET_Price_168h,['All_Features'],SUCCESS,43.7865,31.6533,0.2525,39.8832,51.8156,68.7192,25.39,CatBoost
2026-05-09 03:35:33,Exp3_Weather_Prices_Midas_168h_Price,DK1,TARGET_Price_168h,['All_Features'],SUCCESS,52.8006,36.0983,-0.087,45.4839,54.2074,69.8472,227.84,RandomForest
2026-05-09 03:40:29,Exp3_Weather_Prices_Midas_168h_Delta,DK1,TARGET_Delta_168h,['All_Features'],SUCCESS,53.3708,37.0329,0.0829,98.0858,121.4241,60.133,22.51,XGBoost
2026-05-09 03:40:29,Exp3_Weather_Prices_Midas_168h_Delta,DK1,TARGET_Delta_168h,['All_Features'],SUCCESS,53.6174,36.8502,0.0744,97.602,122.3686,60.1204,11.16,LightGBM
2026-05-09 03:40:29,Exp3_Weather_Prices_Midas_168h_Delta,DK1,TARGET_Delta_168h,['All_Features'],SUCCESS,44.499,31.2659,0.3624,82.8112,121.5548,55.0654,24.86,CatBoost
2026-05-09 03:40:29,Exp3_Weather_Prices_Midas_168h_Delta,DK1,TARGET_Delta_168h,['All_Features'],SUCCESS,54.4698,36.8144,0.0447,97.5072,124.3455,59.4469,234.23,RandomForest
2026-05-09 03:41:23,Exp3_Weather_Prices_DK2_24h_Price,DK2,TARGET_Price_24h,"['Weather', 'Prices', 'Time']",SUCCESS,45.3903,24.8985,0.7006,33.0618,37.3534,70.9338,51.95,CatBoost
2026-05-09 03:42:17,Exp3_Weather_Prices_DK2_24h_Delta,DK2,TARGET_Delta_24h,"['Weather', 'Prices', 'Time']",SUCCESS,40.1883,22.1423,0.2437,89.6628,126.6336,59.9942,51.85,CatBoost
2026-05-09 03:43:41,Exp13_Total_Information_DK2_24h_Price,DK2,TARGET_Price_24h,['All_Features'],SUCCESS,45.6519,24.4062,0.6972,32.4081,36.615,71.8799,80.76,CatBoost
2026-05-09 03:45:05,Exp13_Total_Information_DK2_24h_Delta,DK2,TARGET_Delta_24h,['All_Features'],SUCCESS,39.7807,22.0113,0.259,89.1322,125.374,60.3755,80.87,CatBoost
2026-05-09 03:46:19,Exp6_Weather_WeatherLags_Grid_DK2_24h_Price,DK2,TARGET_Price_24h,"['Weather', 'WeatherLags', 'Grid', 'GridExchange', 'Time']",SUCCESS,60.9051,31.8163,0.461,42.2478,44.1095,64.6707,71.26,CatBoost
2026-05-09 03:47:29,Exp6_Weather_WeatherLags_Grid_DK2_24h_Delta,DK2,TARGET_Delta_24h,"['Weather', 'WeatherLags', 'Grid', 'GridExchange', 'Time']",SUCCESS,41.7304,22.5381,0.1846,91.2653,129.8436,52.122,68.09,CatBoost
2026-05-09 04:03:03,Exp3_Weather_Prices_DK2_24h_Price,DK2,TARGET_Price_24h,"['Weather', 'Prices', 'Time']",SUCCESS,45.8698,25.6783,0.6943,34.0973,39.0379,71.4894,931.94,LSTM
2026-05-09 04:17:04,Exp3_Weather_Prices_DK2_24h_Delta,DK2,TARGET_Delta_24h,"['Weather', 'Prices', 'Time']",SUCCESS,43.3575,23.8899,0.1197,96.7394,128.7757,61.1617,839.21,LSTM
2026-05-09 04:31:55,Exp13_Total_Information_DK2_24h_Price,DK2,TARGET_Price_24h,['All_Features'],SUCCESS,60.5709,29.1594,0.4669,38.7197,41.0732,66.9755,887.07,LSTM
2026-05-09 04:45:57,Exp13_Total_Information_DK2_24h_Delta,DK2,TARGET_Delta_24h,['All_Features'],SUCCESS,47.2114,25.9052,-0.0437,104.9,131.5167,58.4638,838.06,LSTM
2026-05-09 05:02:46,Exp6_Weather_WeatherLags_Grid_DK2_24h_Price,DK2,TARGET_Price_24h,"['Weather', 'WeatherLags', 'Grid', 'GridExchange', 'Time']",SUCCESS,125.5616,37.7478,-1.2908,50.1239,48.7153,64.3221,1005.77,LSTM
2026-05-09 05:18:27,Exp6_Weather_WeatherLags_Grid_DK2_24h_Delta,DK2,TARGET_Delta_24h,"['Weather', 'WeatherLags', 'Grid', 'GridExchange', 'Time']",SUCCESS,43.9257,24.4291,0.0965,98.9231,136.8714,52.6029,938.01,LSTM
2026-05-09 05:18:47,Exp3_Weather_Prices_24h_Price_Optuna,XGBoost,DK1,TARGET_Price_24h,"['Weather', 'Prices', 'Time']",SUCCESS,30.7242,,,,,,17.72
2026-05-09 05:19:07,Exp3_Weather_Prices_24h_Price_Optuna,LightGBM,DK1,TARGET_Price_24h,"['Weather', 'Prices', 'Time']",SUCCESS,31.0245,,,,,,20.07
2026-05-09 05:20:30,Exp3_Weather_Prices_24h_Price_Optuna,CatBoost,DK1,TARGET_Price_24h,"['Weather', 'Prices', 'Time']",SUCCESS,29.8066,,,,,,82.94
2026-05-09 05:35:23,Exp3_Weather_Prices_24h_Price_Optuna,RandomForest,DK1,TARGET_Price_24h,"['Weather', 'Prices', 'Time']",SUCCESS,31.2685,,,,,,893.36
2026-05-09 05:35:52,Exp3_Weather_Prices_24h_Delta_Optuna,XGBoost,DK1,TARGET_Delta_24h,"['Weather', 'Prices', 'Time']",SUCCESS,29.651,,,,,,28.19
2026-05-09 05:36:20,Exp3_Weather_Prices_24h_Delta_Optuna,LightGBM,DK1,TARGET_Delta_24h,"['Weather', 'Prices', 'Time']",SUCCESS,29.7977,,,,,,28.06
2026-05-09 05:39:08,Exp3_Weather_Prices_24h_Delta_Optuna,CatBoost,DK1,TARGET_Delta_24h,"['Weather', 'Prices', 'Time']",SUCCESS,29.0675,,,,,,167.7
2026-05-09 05:54:09,Exp3_Weather_Prices_24h_Delta_Optuna,RandomForest,DK1,TARGET_Delta_24h,"['Weather', 'Prices', 'Time']",SUCCESS,30.5914,,,,,,901.15
2026-05-09 05:56:27,Exp13_Total_Information_24h_Price_Optuna,XGBoost,DK1,TARGET_Price_24h,['All_Features'],SUCCESS,28.0082,,,,,,136.34
2026-05-09 05:57:29,Exp13_Total_Information_24h_Price_Optuna,LightGBM,DK1,TARGET_Price_24h,['All_Features'],SUCCESS,28.4859,,,,,,62.12
2026-05-09 06:03:04,Exp13_Total_Information_24h_Price_Optuna,CatBoost,DK1,TARGET_Price_24h,['All_Features'],SUCCESS,27.8773,,,,,,335.16
2026-05-09 06:50:35,Exp13_Total_Information_24h_Price_Optuna,RandomForest,DK1,TARGET_Price_24h,['All_Features'],SUCCESS,29.9009,,,,,,2850.54
2026-05-09 06:52:03,Exp13_Total_Information_24h_Delta_Optuna,XGBoost,DK1,TARGET_Delta_24h,['All_Features'],SUCCESS,28.6411,,,,,,87.06
2026-05-09 06:53:00,Exp13_Total_Information_24h_Delta_Optuna,LightGBM,DK1,TARGET_Delta_24h,['All_Features'],SUCCESS,28.3913,,,,,,56.72
2026-05-09 06:56:17,Exp13_Total_Information_24h_Delta_Optuna,CatBoost,DK1,TARGET_Delta_24h,['All_Features'],SUCCESS,28.3179,,,,,,196.57
2026-05-09 07:50:11,Exp13_Total_Information_24h_Delta_Optuna,RandomForest,DK1,TARGET_Delta_24h,['All_Features'],SUCCESS,29.9692,,,,,,3234.49
2026-05-09 07:51:37,Exp6_Weather_WeatherLags_Grid_24h_Price_Optuna,XGBoost,DK1,TARGET_Price_24h,"['Weather', 'WeatherLags', 'Grid', 'GridExchange', 'Time']",SUCCESS,29.047,,,,,,84.44
2026-05-09 07:52:49,Exp6_Weather_WeatherLags_Grid_24h_Price_Optuna,LightGBM,DK1,TARGET_Price_24h,"['Weather', 'WeatherLags', 'Grid', 'GridExchange', 'Time']",SUCCESS,29.7406,,,,,,72.34
2026-05-09 07:55:11,Exp6_Weather_WeatherLags_Grid_24h_Price_Optuna,CatBoost,DK1,TARGET_Price_24h,"['Weather', 'WeatherLags', 'Grid', 'GridExchange', 'Time']",SUCCESS,29.0034,,,,,,141.35
2026-05-09 08:26:14,Exp6_Weather_WeatherLags_Grid_24h_Price_Optuna,RandomForest,DK1,TARGET_Price_24h,"['Weather', 'WeatherLags', 'Grid', 'GridExchange', 'Time']",SUCCESS,30.5117,,,,,,1863.31
2026-05-09 08:28:14,Exp6_Weather_WeatherLags_Grid_24h_Delta_Optuna,XGBoost,DK1,TARGET_Delta_24h,"['Weather', 'WeatherLags', 'Grid', 'GridExchange', 'Time']",SUCCESS,29.9258,,,,,,118.85
2026-05-09 08:29:08,Exp6_Weather_WeatherLags_Grid_24h_Delta_Optuna,LightGBM,DK1,TARGET_Delta_24h,"['Weather', 'WeatherLags', 'Grid', 'GridExchange', 'Time']",SUCCESS,29.4441,,,,,,54.03
2026-05-09 08:33:11,Exp6_Weather_WeatherLags_Grid_24h_Delta_Optuna,CatBoost,DK1,TARGET_Delta_24h,"['Weather', 'WeatherLags', 'Grid', 'GridExchange', 'Time']",SUCCESS,29.922,,,,,,243.32
2026-05-09 08:54:38,Exp6_Weather_WeatherLags_Grid_24h_Delta_Optuna,RandomForest,DK1,TARGET_Delta_24h,"['Weather', 'WeatherLags', 'Grid', 'GridExchange', 'Time']",SUCCESS,30.0399,,,,,,1286.65
